7.361629486083984375e+00
7.769074440002441406e+00
8.055421829223632812e+00
8.435019493103027344e+00
8.628958702087402344e+00
8.110810279846191406e+00
8.191522598266601562e+00
6.924676418304443359e+00
7.675375938415527344e+00
6.157217979431152344e+00
5.674144744873046875e+00
5.745893001556396484e+00
5.480101108551025391e+00
5.954493999481201172e+00
5.473730564117431641e+00
5.689613342285156250e+00
5.575077533721923828e+00
5.634140014648437500e+00
5.275180339813232422e+00
6.298272609710693359e+00
6.226403236389160156e+00
6.293578624725341797e+00
6.815885066986083984e+00
7.707306861877441406e+00
7.277105808258056641e+00
8.303432464599609375e+00
9.160288810729980469e+00
8.843465805053710938e+00
9.958110809326171875e+00
9.726410865783691406e+00
9.456185340881347656e+00
9.270779609680175781e+00
1.031925678253173828e+01
1.012172603607177734e+01
9.421902656555175781e+00
8.627828598022460938e+00
8.038219451904296875e+00
8.838829040527343750e+00
9.057445526123046875e+00
8.172505378723144531e+00
7.622727394104003906e+00
7.459822654724121094e+00
6.736240386962890625e+00
7.327801704406738281e+00
8.223860740661621094e+00
8.213496208190917969e+00
8.292963981628417969e+00
7.459266662597656250e+00
6.147740364074707031e+00
4.647475719451904297e+00
3.447549343109130859e+00
4.040370464324951172e+00
3.458708524703979492e+00
3.115765571594238281e+00
3.567048549652099609e+00
3.086443424224853516e+00
5.907898426055908203e+00
5.800650119781494141e+00
6.001012802124023438e+00
7.192053318023681641e+00
8.855056762695312500e+00
9.363529205322265625e+00
8.101262092590332031e+00
8.939851760864257812e+00
8.209795951843261719e+00
8.431122779846191406e+00
9.562191963195800781e+00
1.012422752380371094e+01
1.076618385314941406e+01
1.114748573303222656e+01
1.124065589904785156e+01
1.080060291290283203e+01
1.161457061767578125e+01
1.182239913940429688e+01
1.137553405761718750e+01
1.123608207702636719e+01
1.079063129425048828e+01
1.100956916809082031e+01
1.104753589630126953e+01
1.178465366363525391e+01
1.221684837341308594e+01
1.260245609283447266e+01
1.347704315185546875e+01
1.373689746856689453e+01
1.232285308837890625e+01
1.231264305114746094e+01
1.025285720825195312e+01
9.199014663696289062e+00
8.420502662658691406e+00
7.272809028625488281e+00
7.129317283630371094e+00
6.609829902648925781e+00
6.166925430297851562e+00
6.435876369476318359e+00
5.730049610137939453e+00
5.584806442260742188e+00
6.732594490051269531e+00
5.763805389404296875e+00
6.426982879638671875e+00
6.044202327728271484e+00
6.546048641204833984e+00
6.018954277038574219e+00
6.452925682067871094e+00
6.340946197509765625e+00
4.236052989959716797e+00
5.548093318939208984e+00
5.203769207000732422e+00
5.190872192382812500e+00
5.147396087646484375e+00
6.024291038513183594e+00
6.885542392730712891e+00
7.145859718322753906e+00
7.663015842437744141e+00
7.809230804443359375e+00
7.784135341644287109e+00
8.828949928283691406e+00
9.524263381958007812e+00
9.008034706115722656e+00
9.020041465759277344e+00
7.882145881652832031e+00
6.288207054138183594e+00
6.823136329650878906e+00
6.234720230102539062e+00
5.476889133453369141e+00
5.684544563293457031e+00
6.072724819183349609e+00
6.074885368347167969e+00
6.823278903961181641e+00
8.485796928405761719e+00
7.735790252685546875e+00
7.110551357269287109e+00
8.388444900512695312e+00
8.583822250366210938e+00
8.808303833007812500e+00
9.438680648803710938e+00
1.011892509460449219e+01
1.035398769378662109e+01
1.018876552581787109e+01
1.041325569152832031e+01
1.045869731903076172e+01
1.173266792297363281e+01
1.123431968688964844e+01
1.275609397888183594e+01
1.222555065155029297e+01
1.394236755371093750e+01
1.493419837951660156e+01
1.499481201171875000e+01
1.558300209045410156e+01
1.548808860778808594e+01
1.567029762268066406e+01
1.477473926544189453e+01
1.384477043151855469e+01
1.363008594512939453e+01
1.246063709259033203e+01
1.168969345092773438e+01
1.202644729614257812e+01
1.232183647155761719e+01
1.201427936553955078e+01
1.070221900939941406e+01
1.071011924743652344e+01
1.140310192108154297e+01
1.053456401824951172e+01
9.529221534729003906e+00
1.067166519165039062e+01
9.732599258422851562e+00
9.045221328735351562e+00
9.224559783935546875e+00
8.716860771179199219e+00
8.440844535827636719e+00
9.232635498046875000e+00
8.514016151428222656e+00
8.613760948181152344e+00
8.594095230102539062e+00
8.080195426940917969e+00
7.272840976715087891e+00
7.126946926116943359e+00
6.406761169433593750e+00
7.701658725738525391e+00
6.430718898773193359e+00
7.124592781066894531e+00
6.583361148834228516e+00
6.577174186706542969e+00
7.398542881011962891e+00
7.710258483886718750e+00
7.792794227600097656e+00
8.038974761962890625e+00
7.841035366058349609e+00
8.165268898010253906e+00
7.906931877136230469e+00
7.585609436035156250e+00
7.907289981842041016e+00
6.755841255187988281e+00
5.929663181304931641e+00
5.489298820495605469e+00
4.514971733093261719e+00
5.242200851440429688e+00
5.012118339538574219e+00
5.113976001739501953e+00
5.772128105163574219e+00
5.297187805175781250e+00
5.329374790191650391e+00
6.565984249114990234e+00
6.276054382324218750e+00
6.014579772949218750e+00
6.281201362609863281e+00
6.730010986328125000e+00
7.926381587982177734e+00
7.642469882965087891e+00
7.642519950866699219e+00
7.411224365234375000e+00
6.964398860931396484e+00
7.262187957763671875e+00
7.728259086608886719e+00
8.111083984375000000e+00
8.587036132812500000e+00
8.002548217773437500e+00
8.171851158142089844e+00
7.088686943054199219e+00
6.920229911804199219e+00
8.152987480163574219e+00
7.890125274658203125e+00
8.836530685424804688e+00
9.028279304504394531e+00
8.404829978942871094e+00
9.627234458923339844e+00
9.596358299255371094e+00
9.163174629211425781e+00
9.882130622863769531e+00
9.949841499328613281e+00
1.052936363220214844e+01
1.043477344512939453e+01
1.002522468566894531e+01
1.023470115661621094e+01
9.424107551574707031e+00
8.302148818969726562e+00
8.655282974243164062e+00
7.975572109222412109e+00
6.755033016204833984e+00
6.739495754241943359e+00
8.004121780395507812e+00
6.465849876403808594e+00
6.660277366638183594e+00
5.763178825378417969e+00
5.274966239929199219e+00
5.948071479797363281e+00
5.751952648162841797e+00
5.397999763488769531e+00
5.881303310394287109e+00
7.428343772888183594e+00
6.628172874450683594e+00
7.857122898101806641e+00
7.489105224609375000e+00
8.035840988159179688e+00
6.696103096008300781e+00
6.736431121826171875e+00
6.213878631591796875e+00
6.511177062988281250e+00
6.594850063323974609e+00
5.277921199798583984e+00
6.132517814636230469e+00
5.739825725555419922e+00
7.368094444274902344e+00
6.436253547668457031e+00
8.745927810668945312e+00
8.790298461914062500e+00
8.406373023986816406e+00
8.895608901977539062e+00
9.554525375366210938e+00
8.177958488464355469e+00
8.408062934875488281e+00
8.519360542297363281e+00
8.311432838439941406e+00
8.431037902832031250e+00
8.655797958374023438e+00
8.268432617187500000e+00
8.912504196166992188e+00
9.640185356140136719e+00
9.274549484252929688e+00
9.600426673889160156e+00
9.664887428283691406e+00
8.952234268188476562e+00
8.484100341796875000e+00
8.510669708251953125e+00
8.861288070678710938e+00
8.040136337280273438e+00
1.023887062072753906e+01
9.919958114624023438e+00
1.014876747131347656e+01
1.008629894256591797e+01
1.073935699462890625e+01
1.120059776306152344e+01
1.183996963500976562e+01
1.212195014953613281e+01
1.189644432067871094e+01
1.193768405914306641e+01
1.282173347473144531e+01
1.219624519348144531e+01
1.149482536315917969e+01
1.213496589660644531e+01
1.165653324127197266e+01
1.177995395660400391e+01
1.272619342803955078e+01
1.320760154724121094e+01
1.391848468780517578e+01
1.367123413085937500e+01
1.435066032409667969e+01
1.388012409210205078e+01
1.472999763488769531e+01
1.489653015136718750e+01
1.524488544464111328e+01
1.603574752807617188e+01
1.599818134307861328e+01
1.710774230957031250e+01
1.810193443298339844e+01
1.828567886352539062e+01
1.816406631469726562e+01
1.919960212707519531e+01
1.976454353332519531e+01
1.820922851562500000e+01
1.827044296264648438e+01
1.719438552856445312e+01
1.794774627685546875e+01
1.695760726928710938e+01
1.769927597045898438e+01
1.796554374694824219e+01
1.718599319458007812e+01
1.717795181274414062e+01
1.637603187561035156e+01
1.612327766418457031e+01
1.646203994750976562e+01
1.521430492401123047e+01
1.426185894012451172e+01
1.382002735137939453e+01
1.277642726898193359e+01
1.222698783874511719e+01
1.182218647003173828e+01
1.105945777893066406e+01
1.083976936340332031e+01
1.133201694488525391e+01
1.105766487121582031e+01
1.110234451293945312e+01
1.068225955963134766e+01
1.142870235443115234e+01
1.139714527130126953e+01
1.125705909729003906e+01
1.112639331817626953e+01
1.105915546417236328e+01
1.103219032287597656e+01
1.158638191223144531e+01
1.187719631195068359e+01
1.151108551025390625e+01
1.264695358276367188e+01
1.211036491394042969e+01
1.210744667053222656e+01
1.148886680603027344e+01
1.104965496063232422e+01
1.147387504577636719e+01
1.139048385620117188e+01
1.107649421691894531e+01
1.092069339752197266e+01
1.191251564025878906e+01
1.191118240356445312e+01
1.233779335021972656e+01
1.175419044494628906e+01
1.085531711578369141e+01
1.031863307952880859e+01
1.012598896026611328e+01
9.589381217956542969e+00
1.050042629241943359e+01
1.059690284729003906e+01
1.064986515045166016e+01
9.970879554748535156e+00
9.681088447570800781e+00
8.687093734741210938e+00
7.908435821533203125e+00
7.846785545349121094e+00
7.894625186920166016e+00
7.858512878417968750e+00
9.414377212524414062e+00
9.861938476562500000e+00
9.894108772277832031e+00
1.020053386688232422e+01
9.286171913146972656e+00
9.102262496948242188e+00
8.999788284301757812e+00
9.042016029357910156e+00
9.293799400329589844e+00
9.093250274658203125e+00
9.551391601562500000e+00
9.368104934692382812e+00
9.749077796936035156e+00
9.932394981384277344e+00
9.852585792541503906e+00
9.621683120727539062e+00
1.039686203002929688e+01
1.025188255310058594e+01
1.035221767425537109e+01
9.764117240905761719e+00
1.044698524475097656e+01
1.044744682312011719e+01
1.121060276031494141e+01
1.139267158508300781e+01
1.173718261718750000e+01
1.160975074768066406e+01
1.211311531066894531e+01
1.272140502929687500e+01
1.374739360809326172e+01
1.436528587341308594e+01
1.434733295440673828e+01
1.455990314483642578e+01
1.430356311798095703e+01
1.425393676757812500e+01
1.392992877960205078e+01
1.452068901062011719e+01
1.458386230468750000e+01
1.493218708038330078e+01
1.498285865783691406e+01
1.492158508300781250e+01
1.405460548400878906e+01
1.420962810516357422e+01
1.350040626525878906e+01
1.363939857482910156e+01
1.393772125244140625e+01
1.374647712707519531e+01
1.390648841857910156e+01
1.465447807312011719e+01
1.529374980926513672e+01
1.570662975311279297e+01
1.489612388610839844e+01
1.566691780090332031e+01
1.537633800506591797e+01
1.677148818969726562e+01
1.655978775024414062e+01
1.625753974914550781e+01
1.604613876342773438e+01
1.692225456237792969e+01
1.670506286621093750e+01
1.622019195556640625e+01
1.575274372100830078e+01
1.561952209472656250e+01
1.627055549621582031e+01
1.598525238037109375e+01
1.476098442077636719e+01
1.466751575469970703e+01
1.579864788055419922e+01
1.440797424316406250e+01
1.452793693542480469e+01
1.505655097961425781e+01
1.488625144958496094e+01
1.588977622985839844e+01
1.569883728027343750e+01
1.495926189422607422e+01
1.452979850769042969e+01
1.409147167205810547e+01
1.462192058563232422e+01
1.387719249725341797e+01
1.289907836914062500e+01
1.311480903625488281e+01
1.225473308563232422e+01
1.030176258087158203e+01
9.864236831665039062e+00
1.021858310699462891e+01
9.446163177490234375e+00
7.992442131042480469e+00
7.902153968811035156e+00
7.945097446441650391e+00
8.150697708129882812e+00
8.544919967651367188e+00
8.912917137145996094e+00
8.057374954223632812e+00
8.024039268493652344e+00
7.410194396972656250e+00
6.784749507904052734e+00
6.855895042419433594e+00
5.754756450653076172e+00
4.933167457580566406e+00
5.571979999542236328e+00
4.285354137420654297e+00
4.396487236022949219e+00
4.726916790008544922e+00
4.675622940063476562e+00
6.011105060577392578e+00
6.186644554138183594e+00
5.745400905609130859e+00
6.424003601074218750e+00
6.963444709777832031e+00
5.928513526916503906e+00
7.522768497467041016e+00
7.490873813629150391e+00
7.202368259429931641e+00
7.132561683654785156e+00
7.321141242980957031e+00
7.033352851867675781e+00
7.388576507568359375e+00
7.845397949218750000e+00
7.397792816162109375e+00
6.425253868103027344e+00
5.834491729736328125e+00
5.311894416809082031e+00
4.398464679718017578e+00
5.068666458129882812e+00
4.509563922882080078e+00
5.109103202819824219e+00
5.949256896972656250e+00
6.483885765075683594e+00
6.776373386383056641e+00
6.914144992828369141e+00
7.397092342376708984e+00
7.581695556640625000e+00
7.816760063171386719e+00
8.138113021850585938e+00
8.131788253784179688e+00
8.777561187744140625e+00
8.883610725402832031e+00
9.158309936523437500e+00
9.046403884887695312e+00
8.598740577697753906e+00
8.435221672058105469e+00
8.267305374145507812e+00
8.647096633911132812e+00
8.264649391174316406e+00
8.119668960571289062e+00
8.591154098510742188e+00
8.647311210632324219e+00
7.126599311828613281e+00
7.117720603942871094e+00
8.440275192260742188e+00
8.139122009277343750e+00
8.637459754943847656e+00
8.650859832763671875e+00
8.677518844604492188e+00
7.762987613677978516e+00
8.228309631347656250e+00
7.793913841247558594e+00
7.635166168212890625e+00
5.887751102447509766e+00
6.179096698760986328e+00
6.844848632812500000e+00
7.039596557617187500e+00
6.684564113616943359e+00
6.800384521484375000e+00
6.276957035064697266e+00
7.672180175781250000e+00
6.574204921722412109e+00
7.056759834289550781e+00
6.346787452697753906e+00
8.180059432983398438e+00
7.392887115478515625e+00
7.839182853698730469e+00
7.950685024261474609e+00
8.561690330505371094e+00
7.330848693847656250e+00
8.120157241821289062e+00
9.414975166320800781e+00
9.647570610046386719e+00
9.396757125854492188e+00
9.245441436767578125e+00
9.026750564575195312e+00
7.646420478820800781e+00
7.610311031341552734e+00
5.999509334564208984e+00
5.703944206237792969e+00
4.285568237304687500e+00
3.504845142364501953e+00
3.063809871673583984e+00
2.979600429534912109e+00
2.554740190505981445e+00
3.179750919342041016e+00
4.318459510803222656e+00
4.311629295349121094e+00
4.006991863250732422e+00
4.795393466949462891e+00
4.648890018463134766e+00
5.522318363189697266e+00
4.920235633850097656e+00
6.331086158752441406e+00
6.004024505615234375e+00
7.121610164642333984e+00
6.426297187805175781e+00
6.722407341003417969e+00
6.152011871337890625e+00
4.755271434783935547e+00
4.215431213378906250e+00
4.173674106597900391e+00
3.762232542037963867e+00
2.222215175628662109e+00
2.400254249572753906e+00
2.518690109252929688e+00
1.784969925880432129e+00
1.961490631103515625e+00
3.278548002243041992e+00
3.387372970581054688e+00
5.152825355529785156e+00
4.544795513153076172e+00
5.506987571716308594e+00
6.200954914093017578e+00
5.571573257446289062e+00
5.871180057525634766e+00
5.753572940826416016e+00
4.576392173767089844e+00
4.651356697082519531e+00
4.773431777954101562e+00
4.689261436462402344e+00
3.893990278244018555e+00
4.893239021301269531e+00
4.478191852569580078e+00
5.068846702575683594e+00
5.539225578308105469e+00
5.843626976013183594e+00
6.198332309722900391e+00
5.560205936431884766e+00
5.332335472106933594e+00
3.282070159912109375e+00
3.343788146972656250e+00
4.217215061187744141e+00
4.033226966857910156e+00
4.174780845642089844e+00
4.942444801330566406e+00
4.602696418762207031e+00
4.387332916259765625e+00
4.375296592712402344e+00
3.521322965621948242e+00
3.674046039581298828e+00
3.949642181396484375e+00
3.605691909790039062e+00
3.374762296676635742e+00
3.947502613067626953e+00
4.265236854553222656e+00
4.423861026763916016e+00
4.504972457885742188e+00
4.389687061309814453e+00
4.461325645446777344e+00
4.567675590515136719e+00
4.656404972076416016e+00
5.660199165344238281e+00
6.281570911407470703e+00
6.201622962951660156e+00
6.907444953918457031e+00
7.567821502685546875e+00
8.359777450561523438e+00
8.497056961059570312e+00
8.631373405456542969e+00
8.757412910461425781e+00
9.681978225708007812e+00
8.692341804504394531e+00
8.305559158325195312e+00
9.131615638732910156e+00
9.044794082641601562e+00
9.723583221435546875e+00
1.079776287078857422e+01
1.185506725311279297e+01
1.014140415191650391e+01
1.086682319641113281e+01
1.206102085113525391e+01
1.209693622589111328e+01
1.370751476287841797e+01
1.388747119903564453e+01
1.334863567352294922e+01
1.371411323547363281e+01
1.250514221191406250e+01
1.312784004211425781e+01
1.260424804687500000e+01
1.195211887359619141e+01
1.172694587707519531e+01
1.187652778625488281e+01
1.244541072845458984e+01
1.254145812988281250e+01
1.217667293548583984e+01
1.320785045623779297e+01
1.268404579162597656e+01
1.331889533996582031e+01
1.343531608581542969e+01
1.401761054992675781e+01
1.404265403747558594e+01
1.419934368133544922e+01
1.400295066833496094e+01
1.436742687225341797e+01
1.448629760742187500e+01
1.545332813262939453e+01
1.513990211486816406e+01
1.561923694610595703e+01
1.521710968017578125e+01
1.453637218475341797e+01
1.493971824645996094e+01
1.353425312042236328e+01
1.439802837371826172e+01
1.303688049316406250e+01
1.320326232910156250e+01
1.251820182800292969e+01
1.243068599700927734e+01
1.290968608856201172e+01
1.235331439971923828e+01
1.305050373077392578e+01
1.255425167083740234e+01
1.185558032989501953e+01
1.153420639038085938e+01
1.170722484588623047e+01
1.209049129486083984e+01
1.242508029937744141e+01
1.236812114715576172e+01
1.254536247253417969e+01
1.311015129089355469e+01
1.352766227722167969e+01
1.440939617156982422e+01
1.377641773223876953e+01
1.351358222961425781e+01
1.215675926208496094e+01
1.185929298400878906e+01
1.084585189819335938e+01
1.084682655334472656e+01
9.779451370239257812e+00
9.120643615722656250e+00
8.698831558227539062e+00
8.488261222839355469e+00
7.769224643707275391e+00
7.998134613037109375e+00
7.554685115814208984e+00
7.382396697998046875e+00
7.181255340576171875e+00
7.044371604919433594e+00
7.142782688140869141e+00
6.753546237945556641e+00
6.755721092224121094e+00
7.868138313293457031e+00
7.667688846588134766e+00
1.001125431060791016e+01
1.024453449249267578e+01
1.078837013244628906e+01
9.328802108764648438e+00
1.099357891082763672e+01
1.048205089569091797e+01
1.081564140319824219e+01
1.025056362152099609e+01
1.005886459350585938e+01
1.067100906372070312e+01
9.898492813110351562e+00
1.005576992034912109e+01
9.513457298278808594e+00
1.021286296844482422e+01
9.053293228149414062e+00
9.666026115417480469e+00
8.891771316528320312e+00
8.355031967163085938e+00
8.669138908386230469e+00
7.965075492858886719e+00
7.916013240814208984e+00
7.018113136291503906e+00
6.032669067382812500e+00
6.632211208343505859e+00
6.616131782531738281e+00
6.316835403442382812e+00
7.451958656311035156e+00
7.185499668121337891e+00
7.911814212799072266e+00
7.358821868896484375e+00
6.931042671203613281e+00
7.901972293853759766e+00
7.704316139221191406e+00
8.551744461059570312e+00
8.952677726745605469e+00
8.536211013793945312e+00
9.081849098205566406e+00
9.773964881896972656e+00
1.020386314392089844e+01
9.740084648132324219e+00
1.001178455352783203e+01
1.059708023071289062e+01
9.850978851318359375e+00
1.037526988983154297e+01
1.029776000976562500e+01
8.783074378967285156e+00
8.944368362426757812e+00
8.566475868225097656e+00
9.030993461608886719e+00
1.053898429870605469e+01
1.064822196960449219e+01
1.114607715606689453e+01
1.087854290008544922e+01
1.075283813476562500e+01
1.002272987365722656e+01
1.021380901336669922e+01
9.864318847656250000e+00
1.017682075500488281e+01
1.012491798400878906e+01
1.026924610137939453e+01
1.233164119720458984e+01
1.244388103485107422e+01
1.247109508514404297e+01
1.252496528625488281e+01
1.275369262695312500e+01
1.328933906555175781e+01
1.290166187286376953e+01
1.295895195007324219e+01
1.335831642150878906e+01
1.348387145996093750e+01
1.295261383056640625e+01
1.377990531921386719e+01
1.408753776550292969e+01
1.390265178680419922e+01
1.392262268066406250e+01
1.404950714111328125e+01
1.438116931915283203e+01
1.456978607177734375e+01
1.520618438720703125e+01
1.507960700988769531e+01
1.484977245330810547e+01
1.399826622009277344e+01
1.301798439025878906e+01
1.337646961212158203e+01
1.261014842987060547e+01
1.257548904418945312e+01
1.250157260894775391e+01
1.138249111175537109e+01
1.148100280761718750e+01
1.206116962432861328e+01
1.371429729461669922e+01
1.439922809600830078e+01
1.484642791748046875e+01
1.647241020202636719e+01
1.624087905883789062e+01
1.660166931152343750e+01
1.646901321411132812e+01
1.680882835388183594e+01
1.679080581665039062e+01
1.615983200073242188e+01
1.618192672729492188e+01
1.673713684082031250e+01
1.697830009460449219e+01
1.661839675903320312e+01
1.741148757934570312e+01
1.574032115936279297e+01
1.596371269226074219e+01
1.536980724334716797e+01
1.518368244171142578e+01
1.440415000915527344e+01
1.529765605926513672e+01
1.375768566131591797e+01
1.411960601806640625e+01
1.225216579437255859e+01
1.159776973724365234e+01
1.179470157623291016e+01
1.228957557678222656e+01
1.134720611572265625e+01
1.017182350158691406e+01
9.954490661621093750e+00
9.817941665649414062e+00
1.013303565979003906e+01
1.029462051391601562e+01
9.061864852905273438e+00
9.557435035705566406e+00
9.996308326721191406e+00
9.473555564880371094e+00
9.335482597351074219e+00
8.914422035217285156e+00
9.426893234252929688e+00
9.513004302978515625e+00
9.326993942260742188e+00
9.547332763671875000e+00
1.073658370971679688e+01
1.029968643188476562e+01
9.744638442993164062e+00
9.681033134460449219e+00
9.169954299926757812e+00
9.199611663818359375e+00
8.704680442810058594e+00
9.811577796936035156e+00
1.040110015869140625e+01
9.569643020629882812e+00
9.716692924499511719e+00
1.075399684906005859e+01
1.101539897918701172e+01
1.191095352172851562e+01
1.244102478027343750e+01
1.217562294006347656e+01
1.169559764862060547e+01
1.140179252624511719e+01
1.117303180694580078e+01
1.110677433013916016e+01
1.037305545806884766e+01
1.049131774902343750e+01
9.832090377807617188e+00
1.079164981842041016e+01
9.547413825988769531e+00
1.050639915466308594e+01
1.092975521087646484e+01
1.139025115966796875e+01
1.166111183166503906e+01
1.165203285217285156e+01
1.166531467437744141e+01
1.153667259216308594e+01
1.179058647155761719e+01
1.142496871948242188e+01
1.009864997863769531e+01
9.649185180664062500e+00
1.008260345458984375e+01
8.934690475463867188e+00
7.542893886566162109e+00
7.776276588439941406e+00
6.082207202911376953e+00
5.957842826843261719e+00
5.641949176788330078e+00
5.865725517272949219e+00
6.040307521820068359e+00
5.418671131134033203e+00
5.055451869964599609e+00
4.271968364715576172e+00
3.886117219924926758e+00
3.264997959136962891e+00
3.555372953414916992e+00
3.904068708419799805e+00
4.378729820251464844e+00
3.627421855926513672e+00
2.375731229782104492e+00
2.742596387863159180e+00
2.654589176177978516e+00
3.057883262634277344e+00
2.122557878494262695e+00
3.119878292083740234e+00
3.201872587203979492e+00
3.332869052886962891e+00
3.566685199737548828e+00
3.692539215087890625e+00
4.363846778869628906e+00
4.576458930969238281e+00
5.137659072875976562e+00
4.893752098083496094e+00
5.204539775848388672e+00
4.564516544342041016e+00
4.577867507934570312e+00
3.143095254898071289e+00
3.625214338302612305e+00
3.035702705383300781e+00
2.438331127166748047e+00
2.702836513519287109e+00
2.775780916213989258e+00
3.393134593963623047e+00
4.620532989501953125e+00
5.702156543731689453e+00
5.787083148956298828e+00
5.709285736083984375e+00
5.859094619750976562e+00
5.663148880004882812e+00
5.523985862731933594e+00
6.053991317749023438e+00
6.259713172912597656e+00
7.060054779052734375e+00
7.367047786712646484e+00
8.115880966186523438e+00
8.711779594421386719e+00
9.278944015502929688e+00
9.343228340148925781e+00
9.728650093078613281e+00
1.004579353332519531e+01
1.002066421508789062e+01
9.871595382690429688e+00
9.425858497619628906e+00
8.935716629028320312e+00
8.507516860961914062e+00
7.868769645690917969e+00
8.397372245788574219e+00
8.523922920227050781e+00
9.127732276916503906e+00
9.057333946228027344e+00
7.851496696472167969e+00
8.083094596862792969e+00
7.746411323547363281e+00
8.260515213012695312e+00
7.694017887115478516e+00
8.439291954040527344e+00
9.091465950012207031e+00
8.919292449951171875e+00
9.260861396789550781e+00
8.812620162963867188e+00
1.022686386108398438e+01
1.057311820983886719e+01
1.064681720733642578e+01
9.645834922790527344e+00
9.448206901550292969e+00
8.820547103881835938e+00
8.593037605285644531e+00
9.137810707092285156e+00
9.172083854675292969e+00
9.345098495483398438e+00
7.928605556488037109e+00
7.756063938140869141e+00
6.905915260314941406e+00
6.428761482238769531e+00
6.771485328674316406e+00
6.342626094818115234e+00
5.893923759460449219e+00
6.607418060302734375e+00
7.889241218566894531e+00
7.847330570220947266e+00
7.410558223724365234e+00
8.613306999206542969e+00
7.719473838806152344e+00
7.390260219573974609e+00
7.948865413665771484e+00
7.316190242767333984e+00
7.140360832214355469e+00
