3.534670275128036554e+00
3.497177867977790289e+00
3.424275287768258735e+00
3.314666481526815645e+00
3.256712261666775632e+00
3.186735923311687202e+00
3.161113437418017647e+00
3.149015125606942522e+00
3.140174562400149139e+00
3.141073673419145784e+00
3.204783858978592193e+00
3.209875136698931986e+00
3.234479356757787194e+00
3.313189649153954530e+00
3.352543043988698290e+00
3.389838822182940525e+00
3.457958338683125188e+00
3.571233945021517364e+00
3.694227556390706102e+00
3.835316599004895632e+00
3.924447702824980677e+00
4.032214959370890917e+00
4.176238704105701416e+00
4.328404292107940421e+00
4.412115243829330957e+00
4.465698115715508898e+00
4.524218006493607724e+00
4.594529749842036992e+00
4.641200050148888145e+00
4.642674420933625257e+00
4.671894284611882497e+00
4.697667763779345584e+00
4.689982692553593679e+00
4.754952358369944676e+00
4.782173074576234306e+00
4.762433440824922926e+00
4.762920041876120614e+00
4.699741803447746058e+00
4.622210380366814420e+00
4.521562544697376396e+00
4.388765315328551075e+00
4.246540347536754467e+00
4.124505506524998033e+00
4.015836516928277256e+00
3.859347144094442239e+00
3.685895377425178587e+00
3.538498008319562516e+00
3.425814467150625653e+00
3.378922837122483980e+00
3.318147510624380736e+00
3.310366946881267758e+00
3.275003462758129036e+00
3.267783771264545223e+00
3.319416686605575872e+00
3.462295726727524059e+00
3.534823355182321603e+00
3.527298674444544258e+00
3.483965709466377625e+00
3.500103511034961201e+00
3.493372719758515821e+00
3.499241095055693140e+00
3.513377430741420060e+00
3.515405334270174542e+00
3.557461182735373040e+00
3.573272996620846076e+00
3.600221738128481785e+00
3.709889114841628199e+00
3.869477048510663320e+00
4.052567807472117423e+00
4.229412541292386862e+00
4.365118542203491714e+00
4.445422581277600926e+00
4.464660646807697475e+00
4.368644739345047157e+00
4.214628140576357040e+00
4.091238462799532627e+00
3.999023535125423745e+00
3.946798239399710084e+00
3.890889498182882100e+00
3.915392003552504718e+00
3.955088034935293262e+00
3.941024900663740116e+00
3.966478865076113358e+00
3.969955140654153780e+00
3.947785361339539278e+00
3.906397884209484417e+00
3.865846601167970409e+00
3.870707623001492514e+00
3.855303568795655611e+00
3.788255087320508974e+00
3.657305585159795758e+00
3.598900101763564674e+00
3.516878978321035465e+00
3.493594268494598420e+00
3.541372323209596829e+00
3.591616372380268984e+00
3.662535010586713380e+00
3.716317532029783877e+00
3.705511105427436558e+00
3.699324694099938249e+00
3.662441965570632618e+00
3.600915656797825104e+00
3.475974332778407394e+00
3.397257840668626905e+00
3.377594084494044857e+00
3.385518855282245720e+00
3.457809627248018103e+00
3.538292446539012204e+00
3.574465119631964338e+00
3.644055776655965584e+00
3.744302241805786746e+00
3.851993424066767702e+00
3.970950676924628109e+00
4.119444932599400921e+00
4.269806300554805034e+00
4.406355184171357742e+00
4.437584951735698446e+00
4.446945116492051042e+00
4.445584017559779610e+00
4.444841736910066565e+00
4.419273690712262059e+00
4.383502494954204742e+00
4.424638258473605923e+00
4.419672577273118463e+00
4.390672017852207176e+00
4.431984922393090720e+00
4.488686307395679975e+00
4.536014273956499032e+00
4.577860504232607930e+00
4.622362804303049799e+00
4.682853189639205382e+00
4.679619084606453150e+00
4.664891463899778934e+00
4.652759802231238417e+00
4.673436013355771301e+00
4.750430750162180971e+00
4.887720972458755142e+00
5.014569895174786573e+00
5.163349136754900925e+00
5.294745826005633482e+00
5.416029703747526014e+00
5.511897764944263756e+00
5.561297777808740683e+00
5.582593207346962849e+00
5.549435390675160562e+00
5.513958775926580458e+00
5.506534984718482129e+00
5.454130209467690449e+00
5.340491093188327376e+00
5.172853164890983457e+00
4.994466240834552373e+00
4.808150992772937116e+00
4.641800485345761729e+00
4.431655262975467302e+00
4.230386676521654010e+00
4.189978993789234885e+00
4.173893394986420091e+00
4.149944965127812857e+00
4.136169805619638318e+00
4.161867977273030483e+00
4.203557034037356033e+00
4.256919081769317437e+00
4.374709790668538822e+00
4.485944891684135349e+00
4.565569235628989198e+00
4.602885041009400879e+00
4.608685479272735641e+00
4.640301594354431458e+00
4.685233281941601824e+00
4.692711279332008267e+00
4.696175805989832419e+00
4.687110805132070901e+00
4.657882619919282874e+00
4.605597577706403989e+00
4.517961576572745663e+00
4.472488764033520248e+00
4.427083033457017258e+00
4.387501455214673385e+00
4.399053025370202263e+00
4.390716219098039552e+00
4.326418111340609940e+00
4.287154486966287870e+00
4.245134745311998081e+00
4.242280935462090952e+00
4.182665457183965430e+00
4.062283722943535125e+00
3.993956826725518106e+00
3.913246935393270842e+00
3.767570625376374771e+00
3.590692099153510508e+00
3.368119316686714271e+00
3.234149710114349041e+00
3.111780173578480024e+00
3.063828817062598908e+00
3.057342213549848697e+00
3.011471920259812141e+00
2.989684846621435188e+00
2.953950033837311029e+00
2.960710153510770493e+00
3.046316947191604285e+00
3.106502815338449519e+00
3.187870189076148275e+00
3.286096760981805254e+00
3.360978616447127809e+00
3.420478197768383577e+00
3.397883084822738375e+00
3.333899199306369798e+00
3.278988011730151531e+00
3.264297300068931040e+00
3.256168734958604816e+00
3.175100374869565645e+00
3.164562275249409140e+00
3.218305849156162246e+00
3.346410152893918521e+00
3.420290643116012941e+00
3.440430991364922697e+00
3.379241566649125339e+00
3.300449576200667590e+00
3.308382123142601827e+00
3.314466752206189692e+00
3.302903435828139944e+00
3.288812472070739457e+00
3.175448918702700851e+00
3.157593460358409487e+00
3.192708946123270497e+00
3.255954440024667829e+00
3.344619635814912950e+00
3.501265083016547486e+00
3.576240238488018974e+00
3.631479195330684195e+00
3.662956306342867840e+00
3.729245675267020221e+00
3.757183962369247343e+00
3.715827447525984706e+00
3.671571048117653557e+00
3.638721623314929321e+00
3.554159853951718517e+00
3.560342148943110629e+00
3.590259436638413071e+00
3.614582413592589916e+00
3.620371169999659244e+00
3.644970444518534247e+00
3.704415286558673692e+00
3.780010790751561434e+00
3.857792288474222619e+00
3.915103973230754431e+00
4.008699932007706579e+00
4.082900957630255512e+00
4.206900450585513873e+00
4.376438988451365475e+00
4.480365587216581957e+00
4.557532768414075619e+00
4.539031627667020174e+00
4.478922482584599685e+00
4.444219369867045799e+00
4.393988652369268166e+00
4.315115086222154339e+00
4.236385102266830849e+00
4.166627209182024671e+00
4.110683520464558427e+00
4.043054776574522613e+00
3.998021127156803356e+00
4.025066757181441801e+00
4.049815764143478880e+00
4.114091456570306171e+00
4.101846359509307760e+00
4.041659369861409168e+00
4.028061518779902705e+00
3.968106537405385659e+00
3.932954363395939179e+00
3.920526378537093848e+00
3.921169667406624981e+00
3.930451215858321135e+00
4.017140891833079763e+00
4.117854469587726385e+00
4.267519589377464229e+00
4.468438083551125040e+00
4.646434569640407020e+00
4.788485114532302411e+00
4.895076788810601265e+00
4.971763468873997560e+00
5.071698257457152081e+00
5.139525235959656158e+00
5.181111175454300444e+00
5.187402494088498628e+00
5.202053765985952261e+00
5.257279151539639983e+00
5.297359099628967449e+00
5.331904534113445671e+00
5.357404971815936001e+00
5.409732001850241723e+00
5.444361807401245201e+00
5.492072046256066820e+00
5.479446742536747905e+00
5.447171728161315229e+00
5.430324064467884071e+00
5.377529219179993270e+00
5.339568546398217208e+00
5.326325981776325769e+00
5.315486928115175758e+00
5.346101564724422772e+00
5.418641060497796147e+00
5.575008417298674246e+00
5.755564516331361347e+00
5.866882813067919145e+00
5.934624766933314532e+00
6.009614609557155873e+00
6.104037789195364105e+00
6.198693741042736072e+00
6.336572344995092365e+00
6.489678780762360155e+00
6.611191243693695263e+00
6.679420780913228661e+00
6.638417308427358776e+00
6.614100592187565297e+00
6.592496938156803488e+00
6.553180415099711276e+00
6.536592630703420781e+00
6.498727803714903217e+00
6.446628840071672251e+00
6.366081194926881182e+00
6.253686460770912170e+00
6.134610050072826226e+00
6.076672383290620871e+00
5.982868763352568564e+00
5.894057493985331853e+00
5.844185273115666490e+00
5.776392379703331414e+00
5.690502527626668972e+00
5.599628121212002263e+00
5.463957430979477614e+00
5.391938404310862687e+00
5.297481374324308767e+00
5.206795406015900518e+00
5.144251629994602837e+00
5.084200531467897299e+00
5.031855825207436794e+00
4.940420292033305572e+00
4.812561281624213372e+00
4.693513452213021075e+00
4.626512111985769948e+00
4.620956067932852740e+00
4.621631010381915594e+00
4.622819834556358032e+00
4.665095108947188152e+00
4.698863238608733006e+00
4.757879693754225592e+00
4.830461591400278643e+00
4.891459147876728863e+00
4.966410045067701340e+00
5.055333420548253187e+00
5.157538632690781277e+00
5.248724845899571001e+00
5.272380182810991300e+00
5.217825244465155166e+00
5.120092789207728146e+00
5.081138348226845736e+00
5.055741177529855968e+00
4.976703806606934677e+00
4.909686599389027961e+00
4.918163399710094197e+00
4.935870041472035119e+00
4.906211558537653339e+00
4.845335133804193006e+00
4.744367020478549968e+00
4.642083823650246188e+00
4.545592675316386888e+00
4.543642372613586389e+00
4.541539595415955866e+00
4.491338170692036336e+00
4.455495648052190560e+00
4.447937067940626044e+00
4.484914862637955579e+00
4.513209327952303340e+00
4.471660694028967598e+00
4.409372711962790348e+00
4.419721418253753420e+00
4.391127868499912879e+00
4.409942737179592953e+00
4.427089844592908108e+00
4.437967237896866202e+00
4.445974379577672941e+00
4.448027363113793875e+00
4.421925104139428520e+00
4.433618635093049321e+00
4.445838376076546083e+00
4.484711434657527640e+00
4.539899841036606709e+00
4.574345307237690506e+00
4.639637340207098504e+00
4.731109651870151644e+00
4.775411172610995791e+00
4.860785330841059348e+00
4.911522550009381760e+00
4.915264376362329379e+00
4.969004301200437901e+00
4.978675661687064213e+00
4.952978152853179772e+00
4.892024673537485491e+00
4.886636246647449333e+00
4.836075504913357470e+00
4.823446003284584727e+00
4.846405159288842412e+00
4.889422545241258966e+00
5.035124387654339451e+00
5.164232445693300200e+00
5.264085859237018106e+00
5.352087363036377887e+00
5.422400061665015869e+00
5.460601584783606022e+00
5.480061896097884855e+00
5.441942545884968396e+00
5.418766165791159217e+00
5.434483335796994830e+00
5.443262206930464586e+00
5.479416046769672199e+00
5.538073225026757029e+00
5.617912191385260989e+00
5.703222151257307360e+00
5.806181662339072069e+00
5.904176777906632978e+00
6.029366802247094981e+00
6.166554011406967462e+00
6.324933457348354437e+00
6.492449897833941996e+00
6.674141048074481830e+00
6.741076053158931103e+00
6.728827295411415221e+00
6.722228600753439309e+00
6.688086415973380383e+00
6.675521974461700481e+00
6.669628749451034011e+00
6.613398551202557485e+00
6.552226082025618403e+00
6.507341301824535407e+00
6.430469687839006632e+00
6.308247139781285817e+00
6.210280855147133572e+00
6.065551550047786122e+00
5.888331933914157545e+00
5.765023346312199592e+00
5.664711346430523875e+00
5.572212207821825913e+00
5.542780051787940643e+00
5.503861932030264192e+00
5.467657517190339433e+00
5.426008291722071775e+00
5.393869941557362324e+00
5.374635911700607949e+00
5.352594601501611926e+00
5.339519151865721902e+00
5.295017450675502779e+00
5.262987128521540825e+00
5.212864406276780826e+00
5.130783506801277483e+00
4.981256790039530813e+00
4.780736375509842873e+00
4.659226238622730776e+00
4.568822366660889145e+00
4.502954202883675983e+00
4.426276793445585334e+00
4.438204972071718046e+00
4.446167945095826468e+00
4.470106900583314946e+00
4.532994144587957130e+00
4.545093438365217509e+00
4.555177870061736911e+00
4.549985731950154211e+00
4.475297027977078734e+00
4.420420046424254679e+00
4.390734254257695035e+00
4.275209136665147902e+00
4.164502341604856994e+00
4.016302637717451773e+00
3.872237509269571554e+00
3.784797139322090054e+00
3.701732779611563551e+00
3.573532452186477304e+00
3.524992837183572814e+00
3.541770601899433046e+00
3.602838152553650808e+00
3.607998864715813436e+00
3.644293414060651326e+00
3.641174411106961273e+00
3.521549660127009318e+00
3.399280034181493715e+00
3.316967101805160301e+00
3.277096929610758380e+00
3.306108887429785703e+00
3.384653799926767626e+00
3.440211348120985946e+00
3.493323094172845256e+00
3.603890747793394134e+00
3.746362664254152985e+00
3.829703476959158248e+00
3.888255703542954134e+00
3.840334525775734420e+00
3.718478685129061656e+00
3.571528924093264834e+00
3.500617849205144516e+00
3.451984314588506741e+00
3.391578862164766672e+00
3.353380308002302801e+00
3.388866451664120483e+00
3.460703782936013440e+00
3.524407823043000043e+00
3.602390349261875180e+00
3.690464709245341535e+00
3.760551393591340830e+00
3.773559713448547459e+00
3.779019390902762066e+00
3.855973102037639322e+00
3.923715473180428681e+00
4.091981418712201446e+00
4.271864105346645069e+00
4.426866542058440324e+00
4.568094624247216906e+00
4.631907831593167657e+00
4.648352217306094047e+00
4.615640963321947510e+00
4.548254827840082726e+00
4.492385263207440360e+00
4.406307431520989581e+00
4.337846215692951368e+00
4.306919852241527735e+00
4.299855421106563824e+00
4.363538657804693521e+00
4.396720213384098130e+00
4.436444004409748842e+00
4.446790298570261868e+00
4.473154527428525817e+00
4.492895503814265723e+00
4.506143373717618417e+00
4.472166549461776164e+00
4.351195204466669963e+00
4.228862451704626046e+00
4.146244022937910501e+00
4.069043411974613278e+00
4.012685015154799473e+00
3.970648055408036114e+00
3.862018645175167020e+00
3.738569109375656119e+00
3.633084033177141681e+00
3.583288945234492928e+00
3.541654577322577602e+00
3.508051019177893082e+00
3.544542736002983752e+00
3.563883053202827167e+00
3.565163601912344937e+00
3.559038455893227759e+00
3.578189634143882358e+00
3.649049018357421126e+00
3.789851056310758359e+00
3.997074162350930493e+00
4.189876897725005378e+00
4.268596726105712058e+00
4.355677803261596814e+00
4.405080521588740083e+00
4.396737283813498820e+00
4.421349398053679991e+00
4.467363116971387882e+00
4.514219895736894195e+00
4.487337081643411274e+00
4.469143279879775221e+00
4.444088466687506234e+00
4.429071437970420355e+00
4.461927611332606070e+00
4.464513251753014167e+00
4.431313811793333279e+00
4.325076953193294216e+00
4.252067829786723152e+00
4.238627457710875568e+00
4.204908329963876312e+00
4.143375637422447966e+00
4.074054362358504378e+00
4.017716173795710333e+00
4.035026174089062501e+00
4.038380525126027187e+00
4.047260904303345619e+00
4.050122031800471589e+00
4.001967187957967909e+00
3.910615136096818656e+00
3.794959536156834012e+00
3.707954170429641483e+00
3.674217389569044201e+00
3.765800299003204898e+00
3.828494623382700635e+00
3.779273625042920859e+00
3.731170448140745943e+00
3.637567898840168290e+00
3.573741284003358665e+00
3.501185585946801293e+00
3.421820405480616945e+00
3.383460789268970981e+00
3.361386930322282307e+00
3.374475778201291742e+00
3.229399532717898591e+00
2.980682979285231848e+00
2.887050367780369164e+00
2.904257399333251666e+00
3.018908526343969445e+00
3.155686564288607610e+00
3.263589114150340365e+00
3.285532108748122404e+00
3.349185489356797163e+00
3.379348020249476559e+00
3.379478750505742646e+00
3.293458089830565427e+00
3.148068025082175758e+00
3.099710374653403377e+00
3.113790554991068493e+00
3.070837921902037415e+00
3.057890860336654804e+00
3.055494295288569973e+00
3.035130291774436273e+00
3.022266203054679856e+00
3.060196362607062515e+00
3.067438330615779307e+00
3.101261514846353595e+00
3.134550991441247270e+00
3.253691791245601816e+00
3.322795527449515784e+00
3.443353704561470607e+00
3.539371873282223468e+00
3.678668105843639236e+00
3.880694969459401289e+00
4.081285800093861660e+00
4.270944935672754461e+00
4.424597815348492169e+00
4.610242586531184017e+00
4.739807435111194067e+00
4.833053180317948616e+00
4.846236574238928618e+00
4.871644405457265847e+00
4.875328856474852479e+00
4.831600679913988117e+00
4.731243184570397275e+00
4.608534721446076787e+00
4.506072558970934949e+00
4.416571299339055123e+00
4.396123272762509693e+00
4.378893770947394515e+00
4.407502012244161271e+00
4.463259427903942367e+00
4.552980090655506906e+00
4.693800721997601677e+00
4.788345526480203063e+00
4.893932806033704175e+00
4.965042309033974810e+00
5.020659450516014033e+00
5.118620395246933796e+00
5.197731235595296262e+00
5.221651623685704458e+00
5.187051463778824534e+00
5.169599703751323716e+00
5.129777894226934087e+00
5.065445417725575439e+00
5.013239623300814074e+00
4.961629194938266707e+00
4.857744183967459328e+00
4.829279900946388260e+00
4.733765311996124048e+00
4.614559062144909518e+00
4.572661248356356900e+00
4.480690511413133237e+00
4.408308056037490985e+00
4.345969609103520703e+00
4.339015201031501512e+00
4.346735892029282233e+00
4.347250219316289410e+00
4.395669888265842040e+00
4.422953793439744707e+00
4.454560514822652806e+00
4.496522123207529198e+00
4.550622293596270573e+00
4.603259559742295615e+00
4.699364385397405641e+00
4.756091007652399227e+00
4.824548204971365273e+00
4.891598555555941807e+00
4.944230550646216749e+00
4.900626839282712588e+00
4.801074824054594181e+00
4.697344792160256688e+00
4.556497527918854651e+00
4.451093849046483086e+00
4.405509569139222315e+00
4.353176042507394428e+00
4.330938619921990806e+00
4.358015913140961040e+00
4.414765728045072279e+00
4.455733872334869616e+00
4.515275912743459408e+00
4.559849148049173628e+00
4.598434393192370351e+00
4.648067520230336314e+00
4.689332522531739933e+00
4.734419618263268958e+00
4.766397214504805468e+00
4.787328056253208786e+00
4.782656931288600255e+00
4.718386327653049328e+00
4.661568079995461744e+00
4.563370950317731989e+00
4.437577290039870448e+00
4.284449316421637732e+00
4.131591977072849531e+00
4.070444870316990205e+00
3.995424074760056232e+00
3.998362405603620218e+00
3.995657769938756321e+00
4.005363197704301825e+00
4.023862871824468002e+00
3.973588701884290142e+00
3.954046230993693012e+00
3.941427476342852732e+00
3.918581278871816398e+00
3.929809436762345953e+00
3.999910939496474693e+00
4.093625266991996803e+00
4.195537140249043340e+00
4.265260891564569334e+00
4.312503213708692940e+00
4.330963396309093660e+00
4.396501365784860837e+00
4.465518115595983772e+00
4.504332382662921574e+00
4.536737782497437976e+00
4.561645263268589545e+00
4.572925183353852674e+00
4.558103305500144309e+00
4.530359362598209039e+00
4.483625606777291495e+00
4.399239127459847687e+00
4.385900570190452541e+00
4.420024990811302956e+00
4.428275572182990949e+00
4.416671418651944236e+00
4.404946775559972494e+00
4.360283447773466214e+00
4.328648761798485900e+00
4.303714085734231531e+00
4.229186843532962037e+00
4.165635133458388317e+00
4.070454312572416633e+00
3.970764603414596916e+00
3.897773475508525376e+00
3.854169087395095339e+00
3.821582362661839927e+00
3.783038768659391593e+00
3.748520118432213444e+00
3.759063881126097684e+00
3.734067994264553381e+00
3.768487641484345563e+00
3.834696851791949967e+00
3.914588628237177126e+00
3.992250886896452133e+00
4.037359908104930284e+00
4.063154386002134189e+00
4.108925988733600931e+00
4.144330893679338601e+00
4.189396671381908632e+00
4.270924461498651681e+00
4.340849297659531203e+00
4.418699273598225119e+00
4.558366576865335418e+00
4.678895662719160242e+00
4.777585112072149087e+00
4.870713443945334120e+00
4.912840951263092393e+00
4.930187413741651703e+00
4.966807352049502633e+00
4.936171635752190312e+00
4.912814644965023625e+00
4.929345283262813737e+00
4.849506375358594745e+00
4.704232876585831669e+00
4.572826701080044742e+00
4.481809510281876463e+00
4.405387723454239790e+00
4.282031937006642863e+00
4.165608390678873008e+00
4.116571345590329223e+00
4.134326695727642331e+00
4.227913135099829134e+00
4.350656545258198449e+00
4.424458685455592288e+00
4.481740561437640658e+00
4.575057058067502957e+00
4.662281546688571865e+00
4.703437085256184425e+00
4.720665294716890337e+00
4.704474895718953498e+00
4.703050377408129812e+00
4.769839974229841850e+00
4.875785615549657948e+00
4.956637252879588118e+00
5.017281148426526727e+00
5.092386719609938162e+00
5.183732425063104721e+00
5.304806881520665485e+00
5.427749640342524273e+00
5.524318598013191028e+00
5.606041013449075905e+00
5.660467023691550636e+00
5.719840139679844171e+00
5.774406738386744564e+00
5.844357711091959118e+00
5.907885264587849683e+00
5.975096671063594655e+00
6.038620457654809037e+00
6.042952875255883427e+00
5.969909372660032076e+00
5.894795171535482936e+00
5.804987340724540701e+00
5.740754501474919280e+00
5.699977648822220466e+00
5.654559680636855212e+00
5.680336898567011517e+00
5.746011473470212572e+00
5.818567398543912361e+00
5.888714549465870363e+00
6.027526909840744018e+00
6.137645761583003789e+00
6.201832731172474134e+00
6.245784457007267143e+00
6.217842940537355645e+00
6.136156677559164940e+00
6.046885031652555753e+00
5.954547047932988946e+00
5.887799890407283243e+00
5.797338530296394232e+00
5.689442588730889483e+00
5.606011018105367505e+00
5.518554348106340157e+00
5.447886062771596372e+00
5.383815636124733572e+00
5.264622029356733179e+00
5.148172002882763110e+00
5.070778169015247805e+00
5.014888278351110174e+00
4.906228010535458317e+00
4.729174989425186659e+00
4.596577711636966157e+00
4.532079344357828887e+00
4.483625793355857425e+00
4.500281697714648921e+00
4.575718506486557757e+00
4.650309543040863858e+00
4.773623174989954698e+00
4.907900909201309503e+00
5.022941049637774213e+00
5.092209728684186310e+00
5.162900989071121494e+00
5.272012389125221077e+00
5.338155014952269184e+00
5.358941214321538915e+00
5.382259508752438748e+00
5.361610606124979306e+00
5.330883543731911089e+00
5.323243275461819302e+00
5.338014089438054555e+00
5.345338645967248503e+00
5.366269075406590261e+00
5.362709851880127943e+00
5.362134335394712181e+00
5.349238699299120547e+00
5.387013273916973155e+00
5.484222891663086408e+00
5.582684420541028203e+00
5.636965433446373019e+00
5.677928252408819709e+00
5.702271470139738341e+00
5.696341956493900405e+00
5.692871039004137934e+00
5.683138086235005382e+00
5.655858307345255298e+00
5.633189684487230231e+00
5.583090620838897067e+00
5.506268901031437402e+00
5.409854091854401581e+00
5.332933303822342985e+00
5.297376035850608567e+00
5.278437016794400805e+00
5.225960079634925926e+00
5.155125120855116982e+00
5.154913581353587126e+00
5.142036290286309708e+00
5.137194022673034155e+00
5.205194424197136627e+00
5.186172633738060256e+00
5.143829490084323552e+00
5.065434865305364021e+00
5.009714274307758508e+00
4.937731143973937975e+00
4.900858159329945174e+00
4.883994079529857757e+00
4.901912260623764617e+00
4.802568678692133552e+00
4.731677870824430698e+00
4.644305301988424617e+00
4.563981643260450305e+00
4.526793157156117964e+00
4.443339744681425785e+00
4.349300148719081882e+00
4.201250191982167870e+00
4.071001773493516218e+00
3.956956927029938065e+00
3.832345075340831020e+00
3.781901726661937690e+00
3.789065730628534023e+00
3.872949024121396189e+00
3.853781400634891607e+00
3.815425468219348915e+00
3.792334102124025108e+00
3.827234634057503637e+00
3.882325425378719164e+00
3.966413016010490011e+00
4.013689940013652091e+00
4.026410700844912149e+00
4.071075579313656156e+00
4.094040232361327192e+00
4.091590529096321482e+00
4.079256175944872886e+00
4.063135559899707872e+00
4.072506099351109299e+00
4.121585008138548112e+00
4.168630548936524960e+00
4.175281179492717598e+00
4.121087361486930334e+00
4.066649906594978603e+00
4.094210574640084310e+00
4.152010422487573571e+00
4.213290124856967189e+00
4.307152028516952669e+00
4.388060833774041214e+00
4.359362683315985088e+00
4.340562217307521564e+00
4.322820940480587737e+00
4.321448805745076172e+00
4.312855838005297926e+00
4.255187079513362391e+00
4.210151681253123890e+00
4.193947193125876716e+00
4.185744766026386010e+00
4.229559897918139910e+00
4.245409521807097519e+00
4.301152644627803667e+00
4.334589695438011425e+00
4.375104490822674386e+00
4.392620530316214023e+00
4.358119499523378515e+00
4.379785298724651277e+00
4.428705878307959587e+00
4.452837289118759756e+00
4.401192905952992618e+00
4.314691155176081594e+00
4.254238013926027406e+00
4.249106084336498945e+00
4.213186313072426969e+00
4.160857886062397704e+00
4.090392086053481258e+00
4.083401604665189311e+00
4.109760662231209949e+00
4.135962571377016062e+00
4.189264636526208285e+00
4.250389674393362682e+00
4.305345864790106170e+00
4.317176658809755097e+00
4.280970139887517512e+00
4.273315825476977636e+00
4.250484306747872587e+00
4.252777571753243002e+00
4.317876897540745773e+00
4.324840581597630518e+00
4.337798652179856163e+00
4.308145713485643569e+00
4.252944736384627333e+00
4.203887658745134814e+00
4.185340103978039572e+00
4.127253445990040071e+00
4.044745360932536116e+00
3.945426388612232493e+00
3.823786141403068051e+00
3.713260068059414998e+00
3.628615519694041502e+00
3.522469311037222273e+00
3.423377333481990803e+00
3.344931184812971470e+00
3.307341078302437509e+00
3.303963492362850918e+00
3.243363028397370229e+00
3.239990347000063053e+00
3.265623375510393167e+00
3.253159626889696288e+00
3.201045059133048376e+00
3.203420935106463752e+00
3.250471227892679504e+00
3.257829208765632867e+00
3.247118872525216027e+00
