1 0.0
2 0.7875
3 0.8094000244140624
4 0.8537999725341797
5 0.8794000244140625
6 0.8787999725341797
7 0.895
8 0.8930999755859375
9 0.9044000244140625
10 0.9125
11 0.9069000244140625
12 0.9144000244140625
13 0.9105999755859375
14 0.9
15 0.8975
16 0.9005999755859375
17 0.87
18 0.8744000244140625
19 0.88
20 0.8519000244140625
21 0.8112000274658203
22 0.8119000244140625
23 0.7637999725341796
24 0.7625
25 0.84
26 0.8705999755859375
27 0.8755999755859375
28 0.9025
29 0.9030999755859375
30 0.9012000274658203
31 0.9005999755859375
32 0.9005999755859375
33 0.8869000244140625
34 0.8712000274658203
35 0.8487999725341797
36 0.7980999755859375
37 0.7894000244140625
38 0.8269000244140625
39 0.8569000244140625
40 0.8480999755859375
41 0.8405999755859375
42 0.8644000244140625
43 0.865
44 0.8412000274658203
45 0.8794000244140625
46 0.875
47 0.8730999755859375
48 0.8994000244140625
49 0.8925
50 0.8875
51 0.8975
52 0.9105999755859375
53 0.9030999755859375
54 0.8975
55 0.8844000244140625
56 0.885
57 0.8787999725341797
58 0.8337999725341797
59 0.8212000274658203
60 0.8369000244140625
61 0.8580999755859375
62 0.8687999725341797
63 0.8812000274658203
64 0.8937999725341796
65 0.8980999755859375
66 0.9094000244140625
67 0.9044000244140625
68 0.9125
69 0.9055999755859375
70 0.9125
71 0.9037999725341797
72 0.8975
73 0.8925
74 0.8812000274658203
75 0.8937999725341796
76 0.8569000244140625
77 0.8530999755859375
78 0.7780999755859375
79 0.7144000244140625
80 0.7012000274658203
81 0.0
82 0.0
83 0.0
84 0.0
85 0.0
86 0.0
87 0.0
88 0.0
89 0.0
90 0.0
91 0.0
92 0.0
93 0.0
94 0.0
95 0.0
96 0.0
97 0.0
98 0.0
99 0.0
100 0.0
101 0.0
102 0.0
103 0.0
104 0.0
105 0.0
106 0.0
107 0.0
108 0.0
109 0.0
110 0.0
111 0.0
112 0.0
113 0.0
114 0.0
115 0.0
116 0.0
117 0.0
118 0.0
119 0.0
120 0.0
121 0.0
122 0.0
123 0.0
124 0.0
125 0.0
126 0.0
127 0.0
128 0.0
129 0.0
130 0.0
131 0.0
132 0.0
133 0.0
134 0.0
135 0.0
136 0.0
137 0.0
138 0.0
139 0.0
140 0.0
141 0.0
142 0.0
143 0.0
144 0.0
145 0.0
146 0.0
147 0.0
148 0.0
149 0.0
150 0.0
151 0.0
152 0.0
153 0.0
154 0.0
155 0.0
156 0.0
157 0.0
158 0.0
159 0.0
160 0.0
161 0.0
162 0.0
163 0.0
164 0.0
165 0.0
166 0.0
167 0.0
168 0.0
169 0.0
170 0.0
171 0.0
172 0.0
173 0.0
174 0.0
175 0.0
176 0.0
177 0.0
178 0.0
179 0.0
180 0.0
181 0.0
182 0.7030999755859375
183 0.7537999725341797
184 0.7662000274658203
185 0.8662000274658204
186 0.8930999755859375
187 0.9025
188 0.9219000244140625
189 0.9144000244140625
190 0.9219000244140625
191 0.9325
192 0.9412000274658203
193 0.9380999755859375
194 0.9462000274658203
195 0.9480999755859375
196 0.9387999725341797
197 0.9380999755859375
198 0.9380999755859375
199 0.9244000244140625
200 0.9087999725341797
201 0.8525
202 0.8144000244140625
203 0.8387999725341797
204 0.8444000244140625
205 0.8444000244140625
206 0.8562000274658204
207 0.8419000244140625
208 0.8319000244140625
209 0.8375
210 0.8462000274658203
211 0.8975
212 0.9155999755859375
213 0.9175
214 0.9144000244140625
215 0.9237999725341797
216 0.9437999725341797
217 0.9369000244140625
218 0.9419000244140625
219 0.9462000274658203
220 0.9469000244140625
221 0.9355999755859375
222 0.9437999725341797
223 0.9405999755859376
224 0.9330999755859375
225 0.9269000244140625
226 0.9112000274658203
227 0.9005999755859375
228 0.8812000274658203
229 0.8887999725341796
230 0.8975
231 0.9125
232 0.915
233 0.9294000244140626
234 0.9437999725341797
235 0.9305999755859375
236 0.9394000244140625
237 0.9344000244140624
238 0.945
239 0.9419000244140625
240 0.9412000274658203
241 0.9455999755859374
242 0.9405999755859376
243 0.9305999755859375
244 0.9344000244140624
245 0.9255999755859375
246 0.9205999755859375
247 0.9044000244140625
248 0.8837999725341796
249 0.8555999755859375
250 0.8730999755859375
251 0.8875
252 0.9
253 0.9175
254 0.9062000274658203
255 0.9162000274658203
256 0.9194000244140625
257 0.9305999755859375
258 0.92
259 0.9062000274658203
260 0.8937999725341796
261 0.9062000274658203
262 0.92
263 0.9344000244140624
264 0.9269000244140625
265 0.9325
266 0.9380999755859375
267 0.94
268 0.9319000244140625
269 0.9155999755859375
270 0.8875
271 0.9030999755859375
272 0.865
273 0.8480999755859375
274 0.8744000244140625
275 0.8480999755859375
276 0.8394000244140625
277 0.85
278 0.8162000274658203
279 0.8619000244140625
280 0.8469000244140625
281 0.8544000244140625
282 0.8894000244140625
283 0.9112000274658203
284 0.8980999755859375
285 0.9044000244140625
286 0.9380999755859375
287 0.9219000244140625
288 0.9237999725341797
289 0.9180999755859375
290 0.9125
291 0.9225
292 0.8980999755859375
293 0.8787999725341797
294 0.8469000244140625
295 0.8444000244140625
296 0.815
297 0.745
298 0.0
299 0.0
300 0.0
301 0.7119000244140625
302 0.785
303 0.8387999725341797
304 0.8737999725341797
305 0.8912000274658203
306 0.9019000244140625
307 0.8987999725341796
308 0.8925
309 0.9262000274658203
310 0.9412000274658203
311 0.9205999755859375
312 0.9255999755859375
313 0.9355999755859375
314 0.9105999755859375
315 0.9244000244140625
316 0.9312000274658203
317 0.91
318 0.9055999755859375
319 0.9175
320 0.9175
321 0.9005999755859375
322 0.8987999725341796
323 0.8855999755859375
324 0.8994000244140625
325 0.8530999755859375
326 0.8644000244140625
327 0.88
328 0.8330999755859375
329 0.8930999755859375
330 0.8419000244140625
331 0.8669000244140626
332 0.8919000244140625
333 0.915
334 0.9105999755859375
335 0.9130999755859375
336 0.9212000274658203
337 0.9169000244140625
338 0.9169000244140625
339 0.8862000274658203
340 0.8944000244140625
341 0.91
342 0.885
343 0.9144000244140625
344 0.9144000244140625
345 0.9275
346 0.905
347 0.8494000244140625
348 0.7155999755859375
