i	j	b_idx	d[nm]	k[kJ/mol/nm^2]
1	2	0	0.3800	8033.0000
2	3	1	0.4685	8033.0000
3	4	2	0.6321	8033.0000
4	5	3	0.5366	8033.0000
5	6	4	0.6262	8033.0000
6	7	5	0.4953	8033.0000
7	8	6	0.5055	8033.0000
8	9	7	0.5755	8033.0000
9	10	8	0.6187	8033.0000
10	11	9	0.4378	8033.0000
11	12	10	0.4490	8033.0000
12	13	11	0.6155	8033.0000
13	14	12	0.5552	8033.0000
14	15	13	0.5339	8033.0000
15	16	14	0.5688	8033.0000
16	17	15	0.5979	8033.0000
17	18	16	0.5405	8033.0000
18	19	17	0.4086	8033.0000
19	20	18	0.5108	8033.0000
20	21	19	0.7283	8033.0000
21	22	20	0.6555	8033.0000
22	23	21	0.4230	8033.0000
23	24	22	0.4595	8033.0000
24	25	23	0.5505	8033.0000
25	26	24	0.3315	8033.0000
26	27	25	0.4413	8033.0000
27	28	26	0.4245	8033.0000
28	29	27	0.5029	8033.0000
29	30	28	0.4966	8033.0000
30	31	29	0.5540	8033.0000
31	32	30	0.5889	8033.0000
32	33	31	0.5688	8033.0000
33	34	32	0.6274	8033.0000
34	35	33	0.4988	8033.0000
35	36	34	0.3760	8033.0000
36	37	35	0.5492	8033.0000
37	38	36	0.6233	8033.0000
38	39	37	0.4085	8033.0000
39	40	38	0.4357	8033.0000
40	41	39	0.5050	8033.0000
41	42	40	0.5322	8033.0000
42	43	41	0.5127	8033.0000
43	44	42	0.5184	8033.0000
44	45	43	0.5284	8033.0000
45	46	44	0.4402	8033.0000
46	47	45	0.5593	8033.0000
47	48	46	0.7382	8033.0000
48	49	47	0.4256	8033.0000
49	50	48	0.3636	8033.0000
50	51	49	0.4025	8033.0000
51	52	50	0.3904	8033.0000
52	53	51	0.5070	8033.0000
53	54	52	0.4195	8033.0000
54	55	53	0.3652	8033.0000
55	56	54	0.6169	8033.0000
56	57	55	0.4846	8033.0000
57	58	56	0.4858	8033.0000
58	59	57	0.6206	8033.0000
59	60	58	0.4004	8033.0000
60	61	59	0.3981	8033.0000
61	62	60	0.5793	8033.0000
62	63	61	0.5835	8033.0000
63	64	62	0.5303	8033.0000
64	65	63	0.4364	8033.0000
65	66	64	0.4279	8033.0000
66	67	65	0.4399	8033.0000
67	68	66	0.4425	8033.0000
68	69	67	0.4557	8033.0000
69	70	68	0.5629	8033.0000
70	71	69	0.4363	8033.0000
71	72	70	0.5004	8033.0000
72	73	71	0.6047	8033.0000
73	74	72	0.4720	8033.0000
74	75	73	0.5579	8033.0000
75	76	74	0.7093	8033.0000
76	77	75	0.6693	8033.0000
77	78	76	0.6664	8033.0000
78	79	77	0.3800	8033.0000
79	80	78	0.3800	8033.0000
80	81	79	0.3800	8033.0000
81	82	80	0.3800	8033.0000
82	83	81	0.3800	8033.0000
83	84	82	0.3800	8033.0000
84	85	83	0.3800	8033.0000
85	86	84	0.3800	8033.0000
86	87	85	0.3800	8033.0000
87	88	86	0.3800	8033.0000
88	89	87	0.3800	8033.0000
89	90	88	0.3800	8033.0000
90	91	89	0.3800	8033.0000
91	92	90	0.3800	8033.0000
92	93	91	0.3800	8033.0000
93	94	92	0.3800	8033.0000
94	95	93	0.3800	8033.0000
95	96	94	0.3800	8033.0000
96	97	95	0.3800	8033.0000
97	98	96	0.3800	8033.0000
98	99	97	0.3800	8033.0000
99	100	98	0.3800	8033.0000
100	101	99	0.3800	8033.0000
101	102	100	0.3800	8033.0000
102	103	101	0.3800	8033.0000
103	104	102	0.3800	8033.0000
104	105	103	0.3800	8033.0000
105	106	104	0.3800	8033.0000
106	107	105	0.3800	8033.0000
107	108	106	0.3800	8033.0000
108	109	107	0.3800	8033.0000
109	110	108	0.3800	8033.0000
110	111	109	0.3800	8033.0000
111	112	110	0.3800	8033.0000
112	113	111	0.3800	8033.0000
113	114	112	0.3800	8033.0000
114	115	113	0.3800	8033.0000
115	116	114	0.3800	8033.0000
116	117	115	0.3800	8033.0000
117	118	116	0.3800	8033.0000
118	119	117	0.3800	8033.0000
119	120	118	0.3800	8033.0000
120	121	119	0.3800	8033.0000
121	122	120	0.3800	8033.0000
122	123	121	0.3800	8033.0000
123	124	122	0.3800	8033.0000
124	125	123	0.3800	8033.0000
125	126	124	0.3800	8033.0000
126	127	125	0.3800	8033.0000
127	128	126	0.3800	8033.0000
128	129	127	0.3800	8033.0000
129	130	128	0.3800	8033.0000
130	131	129	0.3800	8033.0000
131	132	130	0.3800	8033.0000
132	133	131	0.3800	8033.0000
133	134	132	0.3800	8033.0000
134	135	133	0.3800	8033.0000
135	136	134	0.3800	8033.0000
136	137	135	0.3800	8033.0000
137	138	136	0.3800	8033.0000
138	139	137	0.3800	8033.0000
139	140	138	0.3800	8033.0000
140	141	139	0.3800	8033.0000
141	142	140	0.3800	8033.0000
142	143	141	0.3800	8033.0000
143	144	142	0.3800	8033.0000
144	145	143	0.3800	8033.0000
145	146	144	0.3800	8033.0000
146	147	145	0.3800	8033.0000
147	148	146	0.3800	8033.0000
148	149	147	0.3800	8033.0000
149	150	148	0.3800	8033.0000
150	151	149	0.3800	8033.0000
151	152	150	0.3800	8033.0000
152	153	151	0.3800	8033.0000
153	154	152	0.3800	8033.0000
154	155	153	0.3800	8033.0000
155	156	154	0.3800	8033.0000
156	157	155	0.3800	8033.0000
157	158	156	0.3800	8033.0000
158	159	157	0.3800	8033.0000
159	160	158	0.3800	8033.0000
160	161	159	0.3800	8033.0000
161	162	160	0.3800	8033.0000
162	163	161	0.3800	8033.0000
163	164	162	0.3800	8033.0000
164	165	163	0.3800	8033.0000
165	166	164	0.3800	8033.0000
166	167	165	0.3800	8033.0000
167	168	166	0.3800	8033.0000
168	169	167	0.3800	8033.0000
169	170	168	0.3800	8033.0000
170	171	169	0.3800	8033.0000
171	172	170	0.3800	8033.0000
172	173	171	0.3800	8033.0000
173	174	172	0.3800	8033.0000
174	175	173	0.3800	8033.0000
175	176	174	0.3800	8033.0000
176	177	175	0.3800	8033.0000
177	178	176	0.3800	8033.0000
178	179	177	0.3800	8033.0000
179	180	178	0.3800	8033.0000
180	181	179	0.3800	8033.0000
181	182	180	0.3800	8033.0000
182	183	181	0.3800	8033.0000
183	184	182	0.3878	8033.0000
184	185	183	0.4300	8033.0000
185	186	184	0.3959	8033.0000
186	187	185	0.3972	8033.0000
187	188	186	0.5848	8033.0000
188	189	187	0.5491	8033.0000
189	190	188	0.5958	8033.0000
190	191	189	0.5174	8033.0000
191	192	190	0.4855	8033.0000
192	193	191	0.5473	8033.0000
193	194	192	0.5057	8033.0000
194	195	193	0.5413	8033.0000
195	196	194	0.4913	8033.0000
196	197	195	0.3756	8033.0000
197	198	196	0.3608	8033.0000
198	199	197	0.3991	8033.0000
199	200	198	0.5145	8033.0000
200	201	199	0.5693	8033.0000
201	202	200	0.3711	8033.0000
202	203	201	0.5452	8033.0000
203	204	202	0.5532	8033.0000
204	205	203	0.6077	8033.0000
205	206	204	0.3846	8033.0000
206	207	205	0.5349	8033.0000
207	208	206	0.4757	8033.0000
208	209	207	0.6143	8033.0000
209	210	208	0.3579	8033.0000
210	211	209	0.4337	8033.0000
211	212	210	0.5150	8033.0000
212	213	211	0.4406	8033.0000
213	214	212	0.6393	8033.0000
214	215	213	0.5292	8033.0000
215	216	214	0.4900	8033.0000
216	217	215	0.3619	8033.0000
217	218	216	0.4781	8033.0000
218	219	217	0.5520	8033.0000
219	220	218	0.5726	8033.0000
220	221	219	0.4278	8033.0000
221	222	220	0.5164	8033.0000
222	223	221	0.5930	8033.0000
223	224	222	0.6528	8033.0000
224	225	223	0.5845	8033.0000
225	226	224	0.6368	8033.0000
226	227	225	0.4412	8033.0000
227	228	226	0.5310	8033.0000
228	229	227	0.5736	8033.0000
229	230	228	0.4293	8033.0000
230	231	229	0.4487	8033.0000
231	232	230	0.5300	8033.0000
232	233	231	0.6166	8033.0000
233	234	232	0.7486	8033.0000
234	235	233	0.5169	8033.0000
235	236	234	0.6471	8033.0000
236	237	235	0.6386	8033.0000
237	238	236	0.6082	8033.0000
238	239	237	0.5214	8033.0000
239	240	238	0.5939	8033.0000
240	241	239	0.3729	8033.0000
241	242	240	0.6487	8033.0000
242	243	241	0.4777	8033.0000
243	244	242	0.4062	8033.0000
244	245	243	0.5193	8033.0000
245	246	244	0.5576	8033.0000
246	247	245	0.6367	8033.0000
247	248	246	0.3817	8033.0000
248	249	247	0.5107	8033.0000
249	250	248	0.7061	8033.0000
250	251	249	0.4213	8033.0000
251	252	250	0.3891	8033.0000
252	253	251	0.4214	8033.0000
253	254	252	0.5728	8033.0000
254	255	253	0.5257	8033.0000
255	256	254	0.5688	8033.0000
256	257	255	0.5155	8033.0000
257	258	256	0.4358	8033.0000
258	259	257	0.4994	8033.0000
259	260	258	0.3683	8033.0000
260	261	259	0.3354	8033.0000
261	262	260	0.3892	8033.0000
262	263	261	0.4458	8033.0000
263	264	262	0.3808	8033.0000
264	265	263	0.3560	8033.0000
265	266	264	0.4184	8033.0000
266	267	265	0.4992	8033.0000
267	268	266	0.4192	8033.0000
268	269	267	0.4122	8033.0000
269	270	268	0.6140	8033.0000
270	271	269	0.4712	8033.0000
271	272	270	0.4005	8033.0000
272	273	271	0.4378	8033.0000
273	274	272	0.5541	8033.0000
274	275	273	0.5829	8033.0000
275	276	274	0.5164	8033.0000
276	277	275	0.3632	8033.0000
277	278	276	0.4440	8033.0000
278	279	277	0.6110	8033.0000
279	280	278	0.5363	8033.0000
280	281	279	0.6473	8033.0000
281	282	280	0.5611	8033.0000
282	283	281	0.5648	8033.0000
283	284	282	0.5513	8033.0000
284	285	283	0.5380	8033.0000
285	286	284	0.4646	8033.0000
286	287	285	0.4622	8033.0000
287	288	286	0.5429	8033.0000
288	289	287	0.4936	8033.0000
289	290	288	0.5591	8033.0000
290	291	289	0.5261	8033.0000
291	292	290	0.4016	8033.0000
292	293	291	0.5853	8033.0000
293	294	292	0.6454	8033.0000
294	295	293	0.4778	8033.0000
295	296	294	0.6256	8033.0000
296	297	295	0.3836	8033.0000
297	298	296	0.3800	8033.0000
298	299	297	0.3800	8033.0000
299	300	298	0.3800	8033.0000
300	301	299	0.3800	8033.0000
301	302	300	0.3800	8033.0000
302	303	301	0.3886	8033.0000
303	304	302	0.4452	8033.0000
304	305	303	0.4470	8033.0000
305	306	304	0.4630	8033.0000
306	307	305	0.5311	8033.0000
307	308	306	0.4294	8033.0000
308	309	307	0.7028	8033.0000
309	310	308	0.5072	8033.0000
310	311	309	0.3869	8033.0000
311	312	310	0.4290	8033.0000
312	313	311	0.5619	8033.0000
313	314	312	0.4853	8033.0000
314	315	313	0.6294	8033.0000
315	316	314	0.6332	8033.0000
316	317	315	0.6567	8033.0000
317	318	316	0.4294	8033.0000
318	319	317	0.4702	8033.0000
319	320	318	0.5823	8033.0000
320	321	319	0.5332	8033.0000
321	322	320	0.4867	8033.0000
322	323	321	0.5546	8033.0000
323	324	322	0.5001	8033.0000
324	325	323	0.4754	8033.0000
325	326	324	0.4780	8033.0000
326	327	325	0.5143	8033.0000
327	328	326	0.4131	8033.0000
328	329	327	0.3665	8033.0000
329	330	328	0.5408	8033.0000
330	331	329	0.4404	8033.0000
331	332	330	0.5407	8033.0000
332	333	331	0.5315	8033.0000
333	334	332	0.4525	8033.0000
334	335	333	0.4749	8033.0000
335	336	334	0.5818	8033.0000
336	337	335	0.4957	8033.0000
337	338	336	0.4536	8033.0000
338	339	337	0.4292	8033.0000
339	340	338	0.5113	8033.0000
340	341	339	0.5537	8033.0000
341	342	340	0.3865	8033.0000
342	343	341	0.4162	8033.0000
343	344	342	0.5377	8033.0000
344	345	343	0.6848	8033.0000
345	346	344	0.6737	8033.0000
346	347	345	0.5424	8033.0000
347	348	346	0.3800	8033.0000
