i+offset+1, j+offset+1, s, l, comp.bondscale[i,j]
2 4 0.5210 0.3770 0.9484
2 6 0.5210 0.3770 0.9484
6 36 0.5700 0.2963 0.7406
17 22 0.5930 0.4439 0.9562
18 59 0.5670 0.4429 0.0553
20 22 0.6120 0.5557 0.1969
22 24 0.5800 0.1855 0.9359
23 27 0.5900 0.4111 0.9149
24 26 0.5480 0.1690 0.3326
26 59 0.5260 0.4650 0.0553
33 38 0.6180 0.5360 0.0272
36 38 0.5830 0.5547 0.7406
38 43 0.6180 0.5360 0.0272
38 48 0.6180 0.5151 0.0272
38 75 0.6480 0.7753 0.8753
39 78 0.5680 0.5011 0.8272
40 78 0.6180 0.5340 0.8272
43 78 0.6180 0.5549 0.8272
59 62 0.5920 0.3652 0.0553
59 64 0.5670 0.4429 0.9117
184 186 0.4840 0.6006 0.8543
185 230 0.5600 0.1799 0.6549
187 230 0.5740 0.2804 0.6058
202 204 0.5580 0.0926 0.9463
202 248 0.5570 0.2198 0.1399
202 251 0.5570 0.2198 0.9463
202 254 0.6070 0.4167 0.9463
204 251 0.5570 0.2198 0.7539
205 210 0.6160 0.6221 0.7539
205 211 0.6070 0.6607 0.7539
240 272 0.5110 0.3925 0.6585
241 271 0.6090 0.5040 0.6025
253 277 0.5680 0.5011 0.7213
276 278 0.5310 0.2152 0.9382
277 279 0.5550 0.2238 0.7213
277 280 0.5680 0.5011 0.7387
277 284 0.5870 0.5941 0.7213
302 319 0.5060 0.5105 0.4417
302 320 0.5480 0.8522 0.4417
303 321 0.5650 0.3190 0.7909
326 329 0.6070 0.4167 0.6604
326 331 0.6060 0.5439 0.6604
334 347 0.5990 0.5789 0.7245
336 347 0.6110 0.5921 0.7245
