i j d[nm] fc
2 4 0.5808 0.9540
2 5 0.4039 2.6148
2 6 0.6340 0.9540
2 7 0.8147 2.6148
3 5 0.7682 8.3506
3 6 0.6511 8.3506
3 7 0.6795 8.3506
3 42 0.7573 2.9614
4 6 0.8098 13.3803
4 7 0.6024 13.3803
4 8 0.5957 13.3803
4 42 0.5840 7.0233
4 45 0.6569 7.0233
4 46 0.6410 9.5401
5 7 0.7577 14.0239
5 8 0.6372 14.0239
5 9 0.5861 14.0239
6 8 0.7414 14.0160
6 9 0.5138 14.0160
6 10 0.6153 14.0160
6 32 0.7867 9.9933
6 33 0.8927 9.9933
6 36 0.8581 1.3033
7 9 0.7183 14.1661
7 10 0.5319 14.1661
7 11 0.6868 14.1661
7 33 0.7181 10.0572
7 38 0.8174 3.8177
7 42 0.6968 7.2119
7 43 0.8936 9.8074
7 46 0.5755 7.3277
7 48 0.6426 10.1003
8 10 0.6712 14.1540
8 11 0.5829 14.1540
8 12 0.5778 14.1540
8 45 0.8063 12.0364
8 46 0.5305 11.9818
8 48 0.7961 12.1480
9 11 0.8041 14.2118
9 12 0.7059 14.2118
9 13 0.7464 14.2118
10 12 0.7093 14.2373
10 13 0.5318 14.2322
10 14 0.6099 14.1930
10 29 0.5475 12.1933
10 30 0.8670 12.1863
10 32 0.7675 12.1839
10 33 0.7121 12.1066
10 48 0.7302 10.1174
10 51 0.8985 12.1707
11 13 0.6031 14.2208
11 14 0.4805 14.1930
11 15 0.5232 14.1803
11 16 0.8241 14.1958
11 29 0.8559 12.1933
11 46 0.7240 9.9536
11 48 0.5656 7.4483
11 49 0.8718 12.1446
11 50 0.8537 10.0610
11 51 0.6064 12.1707
11 52 0.8489 12.2054
12 14 0.7796 14.1930
12 15 0.5880 14.1803
12 16 0.6612 14.1958
13 15 0.7836 14.1803
13 16 0.6054 14.1958
13 17 0.6550 13.8698
13 25 0.8590 8.9733
13 26 0.8820 9.8976
13 29 0.6980 10.1292
14 16 0.7281 14.1930
14 17 0.5178 13.8698
14 18 0.6864 13.9505
14 25 0.8537 8.9733
14 26 0.6729 11.9145
14 29 0.6616 12.1815
14 30 0.8177 10.1195
14 48 0.7892 7.4483
14 51 0.5203 12.1707
14 52 0.6698 12.1815
14 54 0.7840 12.1707
14 55 0.6572 12.0860
15 17 0.7641 13.1720
15 18 0.6380 13.9505
15 19 0.7526 14.0316
15 48 0.8851 12.1707
15 50 0.7643 12.1112
15 51 0.5564 12.1707
15 54 0.8327 12.1707
16 18 0.7508 13.9505
16 19 0.6510 14.0316
16 20 0.5953 12.6272
17 19 0.7029 13.8698
17 20 0.6646 11.4118
17 21 0.8605 6.4840
17 22 0.5166 0.9218
17 25 0.6939 2.4102
17 26 0.6604 7.2802
17 29 0.8902 11.9041
17 55 0.7665 9.8891
18 20 0.7669 12.6272
18 21 0.6349 7.8052
18 22 0.7866 3.1016
18 51 0.7714 9.9466
18 54 0.5968 9.9466
18 55 0.6229 11.9735
18 57 0.8807 7.3225
18 58 0.5474 4.0627
18 59 0.8824 2.0323
19 21 0.5844 8.6365
19 22 0.8399 6.5661
19 58 0.8211 4.0627
20 22 0.6444 1.7636
21 58 0.6564 3.0628
22 24 0.4509 0.9972
22 25 0.7947 4.8338
22 26 0.8684 4.8338
23 27 0.8551 1.0548
24 26 0.7732 1.6306
25 27 0.5499 10.8018
25 28 0.4986 10.8018
25 29 0.5979 11.9522
25 30 0.8331 11.9522
26 28 0.5653 13.8818
26 29 0.5024 13.8818
26 30 0.5685 13.8818
26 31 0.8333 13.8818
26 55 0.7364 11.9145
26 59 0.8496 2.0323
26 61 0.8830 7.1107
26 64 0.6408 11.9145
27 29 0.6756 13.9698
27 30 0.5618 13.9698
27 31 0.5328 13.9698
27 61 0.8575 9.6589
27 63 0.6878 9.9604
27 64 0.5691 11.9900
27 67 0.7525 11.9900
28 30 0.6819 14.1985
28 31 0.5055 14.1958
28 32 0.6365 14.1958
29 31 0.7067 14.1958
29 32 0.5267 14.1958
29 33 0.6517 14.1056
30 32 0.7152 14.1958
30 33 0.5266 14.1056
30 34 0.7638 11.9245
30 52 0.7156 12.1863
30 55 0.8543 12.0860
30 64 0.6725 12.1520
30 67 0.5473 12.1863
30 68 0.6587 12.1863
30 71 0.7135 12.1863
31 33 0.7651 14.1056
31 34 0.6730 11.9245
31 35 0.7874 9.3709
31 67 0.7245 12.1839
32 34 0.8471 13.1945
32 35 0.6221 12.4818
32 36 0.7196 5.8408
33 35 0.6270 11.2804
33 36 0.5182 3.5720
33 38 0.7791 2.1708
33 48 0.7654 4.7507
33 52 0.8676 12.1066
33 67 0.8833 10.0572
33 71 0.6848 10.0572
33 75 0.8226 4.7507
34 36 0.6800 4.8521
34 67 0.7140 4.6792
34 70 0.7873 9.9060
34 71 0.6535 7.2926
34 74 0.8749 7.2926
35 37 0.7298 3.7747
36 38 0.6331 1.3033
37 39 0.7862 2.7789
38 40 0.7344 8.0820
38 42 0.5529 8.0820
38 43 0.5757 2.1708
38 48 0.8476 2.1708
38 75 0.5660 1.1346
39 41 0.5373 4.2537
39 42 0.4275 9.6280
39 43 0.5759 9.6280
39 44 0.8113 10.8773
39 75 0.8331 4.5479
39 78 0.7417 1.2063
40 42 0.6826 13.1056
40 43 0.5635 13.1056
40 44 0.5861 12.0358
40 75 0.8958 6.8791
40 78 0.6247 1.2063
41 43 0.7527 11.9945
41 44 0.5946 12.6299
41 45 0.6986 10.8399
42 44 0.7045 12.6733
42 45 0.5853 13.0484
42 46 0.5769 13.7396
42 48 0.8490 9.7963
43 45 0.6996 13.7553
43 46 0.5937 11.8059
43 47 0.8102 13.0632
43 48 0.6222 11.8059
43 49 0.6942 11.8059
43 75 0.6230 9.8074
43 78 0.8733 1.2063
44 46 0.7475 12.0358
44 47 0.7372 10.8773
45 47 0.6305 11.9545
46 48 0.5101 11.9818
46 49 0.8160 11.9818
47 49 0.7716 13.2277
47 50 0.6664 7.3109
48 50 0.6223 14.1110
48 51 0.5496 13.4669
48 52 0.6150 12.1791
48 75 0.7730 7.4317
49 51 0.4869 12.1446
49 52 0.4801 14.1499
49 53 0.5881 13.4380
49 54 0.8150 14.1499
49 71 0.8788 12.1446
49 72 0.7000 12.1446
49 75 0.7148 12.1446
50 52 0.6208 14.1110
50 53 0.5479 14.1110
50 54 0.6762 14.1110
51 53 0.5938 14.1803
51 54 0.5154 14.1803
51 55 0.6223 14.0816
52 54 0.5585 14.1803
52 55 0.5277 14.0816
52 56 0.6847 14.0877
52 68 0.5739 12.2152
52 71 0.7419 12.1957
52 72 0.7080 12.1707
52 75 0.8674 10.0949
53 55 0.6551 14.0816
53 56 0.4520 14.0877
53 57 0.5508 14.0160
53 58 0.8881 10.3532
53 68 0.7919 12.1933
53 72 0.7442 12.1707
54 56 0.5744 12.0911
54 57 0.4511 13.3109
54 58 0.5352 10.3532
54 59 0.7910 7.5663
55 57 0.6662 14.0160
55 58 0.6028 11.4559
55 59 0.5383 7.5663
55 64 0.6904 12.0860
55 65 0.7431 12.0860
55 68 0.7557 12.0860
56 58 0.8295 10.3532
56 59 0.7936 5.5702
56 64 0.8768 12.0911
56 65 0.5850 12.0911
56 66 0.8944 12.0911
56 68 0.6229 12.0911
56 69 0.6068 12.0911
56 72 0.7904 12.0911
57 59 0.8101 7.5663
58 60 0.8504 6.3317
59 61 0.4452 5.5702
59 62 0.8645 2.0323
59 64 0.5835 1.0622
59 65 0.6188 7.5663
60 62 0.6884 8.7975
60 64 0.8070 4.1556
60 65 0.7733 6.4765
61 63 0.6408 11.6270
61 64 0.5233 11.6270
61 65 0.6780 12.8654
62 64 0.7658 13.8447
62 65 0.6646 13.8447
62 66 0.7489 11.8826
63 65 0.7306 14.0463
63 66 0.6196 14.0463
63 67 0.7365 14.0463
64 66 0.5752 14.1585
64 67 0.5811 14.1585
64 68 0.6411 14.1585
64 69 0.8675 14.1585
65 67 0.6825 14.1835
65 68 0.5498 14.1835
65 69 0.5380 14.1835
66 68 0.5470 14.2287
66 69 0.4956 14.2162
66 70 0.6428 14.2287
66 71 0.8776 14.2094
67 69 0.7040 14.2118
67 70 0.5409 14.2118
67 71 0.5881 14.2094
68 70 0.5492 14.2373
68 71 0.4942 14.2094
68 72 0.5696 14.1803
68 75 0.8832 12.1520
69 71 0.7761 14.2094
69 72 0.6415 14.1803
69 73 0.7534 14.1499
70 72 0.6246 14.1803
70 73 0.5442 14.1499
70 74 0.5612 14.0463
70 75 0.8212 14.1585
71 73 0.7596 14.1499
71 74 0.5639 14.0463
71 75 0.4872 14.1585
72 74 0.6725 14.0463
72 75 0.5360 14.1585
72 76 0.5854 13.5036
73 75 0.8402 14.1499
73 76 0.6137 13.5036
73 77 0.5603 12.6785
74 76 0.7242 13.5036
74 77 0.5505 12.6785
74 78 0.7125 2.5538
75 78 0.7009 3.0742
76 78 0.7410 3.0742
184 186 0.6405 1.1683
185 187 0.4605 9.8288
185 188 0.4997 11.8316
185 189 0.5765 11.8316
185 230 0.7531 1.3799
186 188 0.7424 12.1480
186 189 0.5228 13.4419
186 190 0.6865 12.1480
186 191 0.8476 13.4419
187 189 0.6211 14.2042
187 190 0.6566 14.2042
187 191 0.5894 14.2042
187 230 0.6364 1.4194
187 234 0.7668 10.1275
187 235 0.6848 12.1911
188 191 0.6493 14.2565
188 192 0.7333 14.2565
188 217 0.8274 12.2360
188 220 0.4938 12.2360
188 221 0.6972 12.2360
188 223 0.8750 12.2360
188 224 0.6094 12.2360
188 230 0.7436 7.4432
188 234 0.7198 10.1648
189 191 0.6612 14.2419
189 192 0.5883 14.2419
189 193 0.7404 14.2419
189 217 0.8899 12.2235
189 220 0.8498 12.2235
190 192 0.6655 14.2565
190 193 0.4301 14.2565
190 194 0.5269 14.2565
191 193 0.6930 14.2697
191 194 0.4949 14.2697
191 195 0.6331 14.2697
191 216 0.8622 13.5518
191 220 0.6574 13.5518
191 234 0.6939 13.5518
191 235 0.7697 12.2458
191 238 0.5888 13.5518
191 239 0.8818 12.2474
191 242 0.8790 12.2474
192 194 0.6481 14.2764
192 195 0.5068 14.2764
192 196 0.6176 14.2748
192 197 0.8771 14.2743
192 213 0.7037 12.2293
192 216 0.4872 14.2764
192 217 0.5554 14.2734
192 219 0.8112 13.5581
192 220 0.6276 14.2764
192 238 0.8937 13.5581
193 195 0.7418 14.2743
193 196 0.6097 14.2743
193 197 0.6836 14.2743
193 213 0.8407 12.2293
194 196 0.7196 14.2748
194 197 0.6548 14.2743
194 198 0.7723 14.2743
194 238 0.7415 13.5601
194 239 0.8608 12.2535
194 242 0.6312 13.5578
195 197 0.6204 14.2743
195 198 0.5641 14.2743
195 199 0.6490 14.2602
195 212 0.8513 13.5280
195 213 0.8451 13.5318
195 215 0.8615 13.5420
195 216 0.5052 13.5595
195 217 0.8050 14.2734
195 219 0.6780 14.2791
195 220 0.8044 14.2794
195 238 0.6755 14.2785
195 241 0.8444 13.5604
195 242 0.5721 14.2760
195 245 0.7682 13.5444
196 198 0.5439 14.2743
196 199 0.5228 14.2602
196 200 0.5035 14.2269
196 212 0.5299 10.1563
196 213 0.5106 12.2293
196 215 0.8702 13.5420
196 216 0.6098 12.2518
196 217 0.8982 13.5553
197 199 0.5797 14.2602
197 200 0.4594 14.2269
197 201 0.6310 12.6532
197 212 0.7973 10.1563
197 213 0.8650 12.2293
197 242 0.7832 12.2513
197 245 0.8704 13.5444
197 246 0.7611 12.2342
198 200 0.5924 14.2269
198 201 0.5561 12.6532
198 202 0.8568 5.0446
198 212 0.8257 10.1563
198 242 0.5843 12.2513
198 243 0.8719 13.5500
198 245 0.5118 12.2407
198 246 0.5237 10.1632
198 254 0.7236 12.2033
199 201 0.6921 12.6532
199 202 0.8981 3.2368
199 204 0.8302 2.4683
199 205 0.7348 4.3409
199 210 0.8750 2.4893
199 212 0.5053 12.2259
199 213 0.8248 12.2293
199 215 0.7465 12.2385
199 216 0.7636 12.2393
199 242 0.8823 14.2602
199 245 0.6023 13.5428
199 246 0.8579 12.2342
199 254 0.6108 12.2033
199 257 0.7544 12.2393
199 258 0.6759 12.2333
200 202 0.8365 5.0446
200 203 0.6900 4.2077
200 204 0.8903 2.4683
200 205 0.5437 6.7652
200 206 0.8682 4.5390
200 212 0.5592 7.4676
200 213 0.7705 10.1437
201 203 0.6306 8.9076
201 205 0.8326 2.4683
201 245 0.8426 9.4995
201 246 0.6311 6.9934
201 254 0.7130 6.9934
202 204 0.5730 0.9620
202 205 0.8746 3.2368
202 246 0.8252 3.2368
202 248 0.8348 1.8405
202 251 0.7813 0.9620
202 254 0.6580 0.9620
203 205 0.4994 8.9076
203 206 0.4754 4.2077
203 207 0.8115 6.5576
204 206 0.6791 6.7652
204 207 0.6066 6.6781
204 208 0.6612 4.0006
204 251 0.7887 1.2901
204 255 0.5544 2.4683
204 258 0.6815 4.3409
205 207 0.7189 10.9197
205 208 0.7811 8.4692
205 209 0.6820 2.3725
205 210 0.6476 1.2901
205 211 0.8468 1.2901
205 212 0.6279 4.3409
205 258 0.7638 6.7652
206 208 0.8231 10.1950
206 209 0.7327 4.1725
206 210 0.8704 2.4893
207 209 0.7297 10.6330
207 258 0.8714 4.2850
208 210 0.6550 6.2349
208 255 0.7408 6.2349
208 257 0.8769 2.2748
208 258 0.4922 4.0006
208 259 0.5554 4.0006
208 260 0.8878 2.2748
209 211 0.6354 8.8331
209 212 0.8422 4.1725
209 258 0.7952 6.5028
210 212 0.5500 6.8228
210 213 0.8799 9.2678
210 214 0.8165 9.2678
210 215 0.7313 6.8228
210 258 0.5815 4.3778
210 259 0.8651 4.3778
211 213 0.5991 12.1707
211 214 0.5493 10.1105
211 215 0.7397 13.4669
212 214 0.7355 14.2419
212 215 0.5955 14.2446
212 216 0.6743 14.2446
212 258 0.7437 12.2259
213 215 0.7514 14.2486
213 216 0.5891 14.2486
213 217 0.7104 14.2486
214 216 0.6694 14.2419
214 217 0.5977 14.2419
214 218 0.5241 14.2419
215 217 0.6676 14.2594
215 218 0.4891 14.2594
215 219 0.6007 14.2594
215 257 0.6922 10.1668
215 258 0.7474 12.2333
215 260 0.8966 10.0949
215 263 0.8389 12.2385
215 264 0.6320 12.2385
216 218 0.5911 14.2768
216 219 0.4776 14.2778
216 220 0.6650 14.2778
216 221 0.8333 14.2724
216 264 0.8326 12.2421
217 219 0.5977 14.2734
217 220 0.5537 14.2734
217 221 0.5764 14.2724
217 222 0.8699 14.2734
218 220 0.8115 14.2768
218 221 0.6525 14.2724
218 222 0.6635 14.2768
218 263 0.8670 12.2488
218 264 0.5740 10.1698
218 265 0.8284 12.2474
219 221 0.6953 14.2724
219 222 0.5981 14.2778
219 223 0.6549 14.2760
219 238 0.8574 13.5601
219 241 0.8120 13.5604
219 263 0.8358 12.2488
219 264 0.4698 13.5460
219 265 0.6773 12.2474
219 267 0.6072 10.1784
219 268 0.6037 13.5512
220 222 0.7158 14.2778
220 223 0.5167 14.2760
220 224 0.6504 14.2702
220 225 0.8239 14.2636
220 234 0.6929 13.5595
220 238 0.7777 14.2785
220 268 0.8957 12.2469
221 223 0.6772 14.2724
221 224 0.6301 14.2702
221 225 0.5634 14.2636
222 224 0.8839 14.2702
222 225 0.4879 14.2636
222 226 0.7935 14.2338
222 263 0.8688 12.2488
222 264 0.5758 12.2421
222 265 0.4857 10.1742
222 266 0.8945 12.2513
222 267 0.8678 12.2524
222 268 0.6238 12.2469
222 269 0.7365 12.2259
223 225 0.6708 14.2636
223 226 0.5883 14.2338
223 227 0.6363 13.4816
223 234 0.5894 14.2760
223 237 0.5986 13.5534
223 238 0.7083 14.2760
223 241 0.8310 12.2528
223 265 0.8404 12.2474
223 267 0.8833 12.2524
223 268 0.5333 12.2469
223 269 0.7730 12.2259
224 226 0.8190 14.2338
224 227 0.6190 13.4816
224 228 0.5307 12.0557
224 229 0.5760 12.1206
224 230 0.7227 10.1105
224 234 0.6929 13.5523
225 227 0.7870 12.1839
225 228 0.6842 10.0149
226 228 0.7310 12.0557
226 237 0.7709 10.1486
226 268 0.7557 10.1486
226 269 0.6472 4.7939
227 229 0.4869 4.7562
227 230 0.8236 4.7759
227 231 0.7309 2.7186
227 233 0.6526 7.4513
227 234 0.6677 10.1215
227 237 0.7962 4.7811
229 231 0.4384 2.7045
229 233 0.7572 4.7562
229 234 0.6277 7.4126
229 235 0.8898 7.4126
230 232 0.7889 10.1105
230 234 0.5229 7.4432
230 235 0.5933 10.1105
231 233 0.5505 2.7265
231 234 0.6504 13.5210
231 235 0.6432 7.4730
232 234 0.7915 14.2433
232 235 0.4693 12.2247
232 236 0.5914 13.5267
232 239 0.8524 12.2247
233 235 0.8437 14.2665
233 236 0.6426 14.2665
233 237 0.7414 14.2665
234 236 0.7496 14.2752
234 237 0.7116 14.2714
234 238 0.5811 14.2778
234 239 0.8554 14.2768
235 238 0.7458 14.2678
235 239 0.6800 14.2678
236 238 0.6750 14.2752
236 239 0.4514 14.2752
236 240 0.6967 14.2752
237 239 0.8436 14.2714
237 240 0.6232 14.2714
237 241 0.5578 14.2714
237 268 0.6303 12.2469
237 269 0.8144 10.1563
237 270 0.8701 4.7525
237 271 0.8851 4.7847
238 240 0.5898 14.2764
238 241 0.5737 14.2785
238 242 0.6001 14.2760
238 268 0.8859 12.2469
239 241 0.8493 14.2768
239 242 0.6867 14.2760
239 243 0.8057 14.2678
240 242 0.5948 14.2760
240 243 0.5287 14.2678
240 244 0.5634 14.2714
240 245 0.8557 14.2619
240 272 0.7289 1.3769
241 243 0.7330 14.2678
241 244 0.6005 14.2714
241 245 0.7362 14.2619
241 267 0.5737 12.2524
241 268 0.6128 13.5512
241 270 0.6681 7.4068
241 271 0.8323 1.4220
241 272 0.7723 4.6327
242 244 0.6834 14.2714
242 245 0.5829 14.2619
242 246 0.5859 13.5372
243 245 0.6435 14.2619
243 246 0.5513 13.5372
243 247 0.6502 12.1977
244 246 0.7433 14.2543
244 247 0.5925 14.2118
244 250 0.7322 11.9545
244 253 0.7025 12.2293
244 272 0.6722 2.6342
245 247 0.7358 14.2118
245 250 0.8102 11.9545
245 251 0.8477 12.1112
245 252 0.8851 12.1815
245 253 0.6056 13.5318
245 254 0.5296 12.2033
245 257 0.8051 12.2407
245 267 0.8557 12.2407
246 248 0.7316 14.0754
246 254 0.8071 12.2033
247 249 0.5202 12.7771
247 250 0.5126 11.9545
247 251 0.6889 12.1112
247 253 0.8453 12.1977
247 254 0.8535 12.1977
248 250 0.6851 13.9284
248 251 0.6610 13.3673
250 252 0.4833 9.9309
250 253 0.5173 11.9545
250 254 0.7325 11.9545
250 255 0.8227 11.9545
251 253 0.6391 14.1110
251 254 0.5106 12.1112
251 255 0.5192 12.1112
251 256 0.8732 13.4011
252 254 0.5717 13.4789
252 255 0.3961 13.4789
252 256 0.5105 13.4789
252 257 0.8200 13.4789
253 255 0.7033 14.2459
253 256 0.5437 14.2486
253 257 0.6333 14.2486
253 258 0.8976 14.2486
253 262 0.7153 12.2293
253 267 0.8303 12.2293
253 277 0.8304 1.3217
254 256 0.7834 14.2183
254 257 0.7050 14.2183
254 258 0.6701 14.2183
255 257 0.8013 14.2459
255 258 0.6943 14.2459
255 259 0.7827 13.5030
256 258 0.6964 14.2522
256 259 0.5433 13.5030
256 260 0.6504 13.4462
256 261 0.5065 12.2033
256 262 0.5330 12.2324
257 259 0.5760 14.2183
257 260 0.5562 14.1585
257 261 0.6372 13.5030
257 262 0.4507 13.5362
257 263 0.7047 12.2458
257 264 0.7653 12.2421
257 267 0.7357 12.2458
258 260 0.6888 14.1585
258 261 0.8744 12.2033
258 262 0.8448 12.2333
259 261 0.5208 13.5030
259 262 0.7168 12.2033
260 262 0.5137 13.4462
260 263 0.6233 10.0949
260 264 0.8744 10.0949
261 263 0.6489 13.5030
261 266 0.8834 12.2033
262 264 0.6917 14.2533
262 265 0.8147 12.2333
262 266 0.5931 12.2333
262 267 0.6331 12.2333
262 270 0.8239 4.7525
263 265 0.4691 12.2474
263 266 0.4611 12.2488
263 267 0.6329 14.2714
263 268 0.8314 13.5512
263 270 0.8971 4.7525
264 266 0.5974 14.2636
264 267 0.5209 14.2636
264 268 0.6200 14.2636
264 269 0.8265 12.2259
265 267 0.5648 13.5518
265 268 0.4853 12.2469
265 269 0.5185 12.2259
265 270 0.7842 12.1112
266 268 0.6060 14.2691
266 269 0.5529 14.2446
266 270 0.5153 7.4068
267 269 0.6987 14.2446
267 270 0.4672 12.1112
268 270 0.5753 12.1112
269 271 0.8576 12.1933
270 272 0.6822 9.8074
270 275 0.4995 6.8791
271 273 0.5032 2.5098
271 274 0.3857 9.9466
271 275 0.5888 4.4139
272 274 0.5945 13.0632
272 275 0.4498 6.8791
272 276 0.6445 4.2233
273 275 0.7666 9.3442
273 276 0.7010 2.4015
274 276 0.6827 6.5821
275 277 0.8440 2.5098
276 278 0.6187 0.9899
277 279 0.5718 1.3217
277 280 0.4692 1.3051
277 281 0.6031 6.9311
277 284 0.8748 1.3217
278 280 0.7319 8.4878
278 281 0.4677 7.0510
278 282 0.7291 8.4878
279 281 0.8147 12.7311
279 282 0.7264 12.9820
279 283 0.6598 13.6697
280 282 0.7631 13.0389
280 283 0.5475 12.3829
280 284 0.5088 12.3829
280 285 0.8724 12.3829
281 283 0.8572 13.4055
281 284 0.6622 13.4055
281 285 0.6530 13.4055
282 284 0.7231 14.1269
282 285 0.4538 14.1269
282 286 0.6043 13.4162
282 289 0.8834 12.1248
283 285 0.6636 14.2118
283 286 0.5642 13.5177
283 287 0.5560 14.2338
283 288 0.8955 13.5177
284 286 0.7532 14.1835
284 287 0.7010 14.1835
284 288 0.7428 12.1734
285 287 0.7465 14.2118
285 288 0.5814 14.2118
285 289 0.6052 14.2118
286 288 0.5347 14.2594
286 289 0.4510 14.2498
286 290 0.5414 14.2373
286 291 0.8370 14.2574
286 293 0.8767 12.0297
287 289 0.7760 14.2498
287 290 0.5944 14.2373
287 291 0.7273 14.2565
288 290 0.6782 14.2373
288 291 0.5534 14.2574
288 292 0.6051 14.1835
288 293 0.8914 14.0160
289 291 0.7077 14.2498
289 292 0.6120 14.1835
289 293 0.6233 14.0160
290 292 0.7249 14.1835
290 293 0.4633 14.0160
290 294 0.7298 13.0389
291 293 0.6116 14.0160
291 294 0.5325 12.3829
291 295 0.5286 12.2403
291 296 0.8163 6.9193
292 294 0.7464 13.0389
292 295 0.5922 12.2403
292 296 0.5608 6.9193
293 295 0.8614 12.2403
293 296 0.7062 5.0938
294 296 0.7819 8.3292
302 304 0.6077 3.9344
302 319 0.5513 1.5439
302 320 0.6751 1.5439
303 305 0.6090 8.9076
303 318 0.8604 8.9076
303 319 0.5424 8.9076
303 320 0.3880 8.9076
303 321 0.6858 1.2505
304 306 0.7469 11.9648
304 317 0.7386 9.9395
304 318 0.6845 11.9648
304 319 0.5528 11.9648
304 320 0.7069 11.9648
304 339 0.8487 4.6951
305 307 0.5107 12.1366
305 308 0.5736 10.0822
305 316 0.7454 12.1366
305 317 0.7161 10.0822
305 318 0.4967 12.1366
305 319 0.6110 12.1366
305 320 0.6013 10.0822
305 336 0.8784 7.4223
306 308 0.7180 13.4380
306 309 0.8773 10.1256
306 316 0.4093 12.1889
306 317 0.6546 10.1256
306 318 0.6439 12.1889
307 309 0.8626 12.1765
307 316 0.6708 10.1153
307 318 0.7785 12.1765
307 320 0.8599 7.4467
308 310 0.8336 14.1499
308 316 0.6990 12.1446
308 318 0.5570 10.0888
308 319 0.8241 12.1446
308 320 0.7598 10.0888
308 334 0.8851 12.1446
308 336 0.6297 12.1446
308 345 0.7260 10.0888
308 347 0.7744 4.4370
309 311 0.6597 14.2543
309 313 0.7586 12.2414
309 314 0.5776 12.2152
309 315 0.7327 12.2393
309 316 0.5134 12.2414
309 318 0.8466 12.2015
310 312 0.5531 13.5444
310 313 0.4449 10.1761
310 314 0.6049 13.5162
310 315 0.6234 13.5428
310 316 0.7780 13.5506
310 317 0.8659 12.2137
310 318 0.7369 10.1361
310 338 0.5692 12.2282
310 340 0.8430 10.0977
310 341 0.6790 12.2137
310 342 0.8725 10.0444
310 343 0.6283 10.1544
310 345 0.7228 12.2428
311 313 0.6291 12.2342
311 314 0.6225 12.2152
311 338 0.8918 12.2282
311 341 0.8733 10.1462
311 343 0.7163 10.1544
311 345 0.7949 7.4820
312 314 0.7964 12.2152
312 338 0.8211 10.1583
312 341 0.5952 4.7927
312 342 0.8132 12.0911
312 343 0.5726 10.1544
313 315 0.4129 10.1675
313 317 0.8970 10.1462
313 338 0.7023 12.2282
313 340 0.6527 2.7122
313 341 0.5888 10.1462
313 343 0.8443 12.2235
314 316 0.8773 12.2152
315 317 0.6159 4.7927
315 318 0.8222 12.2015
315 338 0.7343 10.1583
315 339 0.8775 10.0526
315 340 0.5324 2.7122
315 341 0.8001 12.2137
316 318 0.6557 12.2015
317 319 0.7233 14.2305
317 337 0.8187 13.5145
317 338 0.5909 12.2137
317 339 0.4550 12.1011
317 340 0.5371 7.4337
318 320 0.8121 13.5010
318 336 0.6421 12.2015
318 337 0.5791 13.5010
318 338 0.5081 13.5010
318 339 0.5621 13.3899
318 340 0.8160 12.1553
318 345 0.8205 12.2015
319 321 0.7566 14.1958
319 336 0.6053 14.2486
319 337 0.4453 14.2474
319 338 0.7153 14.2474
319 339 0.5918 12.1011
319 344 0.8870 12.2235
320 322 0.6092 14.1871
320 334 0.6876 12.2152
320 335 0.8426 12.2208
320 336 0.7054 13.5318
321 323 0.6057 13.3845
321 333 0.8226 12.1839
321 334 0.6612 12.1839
321 335 0.5448 14.1958
321 336 0.7758 12.1839
322 324 0.8474 12.1765
322 332 0.4963 10.0858
322 333 0.6351 12.1765
322 334 0.5125 13.4734
322 335 0.7177 13.4734
323 325 0.5552 9.5185
323 332 0.5799 10.0486
323 333 0.4895 13.3845
323 334 0.7191 12.0962
323 335 0.6026 12.0962
324 326 0.7134 11.7924
324 327 0.6967 4.7258
324 331 0.6820 4.6484
324 332 0.5093 10.0858
324 333 0.6197 7.4483
325 327 0.7708 9.5185
325 331 0.8782 2.5567
325 332 0.8360 7.0074
325 333 0.5700 2.5567
325 335 0.8383 7.0074
326 328 0.8598 2.2974
326 329 0.8964 1.3753
326 331 0.8021 1.3753
326 333 0.8033 4.6274
327 329 0.5101 4.7258
328 330 0.6093 8.5532
328 331 0.7781 6.2967
329 331 0.7836 11.8459
330 332 0.8645 9.0713
330 333 0.8285 4.2850
331 333 0.6461 11.8459
332 334 0.7082 12.1410
333 335 0.5398 13.5224
333 346 0.6436 10.1345
333 347 0.7548 6.9151
334 336 0.6458 14.2322
334 345 0.8331 12.2152
334 346 0.6567 12.1996
334 347 0.4889 1.3187
335 337 0.8729 14.2388
335 344 0.7871 12.2208
335 345 0.7786 13.5224
335 346 0.5870 13.4989
335 347 0.7772 6.9151
336 338 0.7407 14.2474
336 343 0.7512 13.5254
336 344 0.6533 12.2235
336 345 0.3801 14.2553
336 346 0.7761 13.4989
336 347 0.6982 1.3187
337 339 0.5297 13.3899
337 341 0.7998 13.5145
337 342 0.5676 12.0911
337 343 0.6373 13.5254
337 344 0.4811 13.5254
337 345 0.6961 13.5306
338 340 0.5482 13.4499
338 341 0.4504 13.5145
338 342 0.4760 12.0911
338 343 0.5196 13.5254
338 344 0.7500 13.5254
338 345 0.7663 13.5306
339 341 0.7181 12.1011
339 342 0.6835 12.0911
340 342 0.7872 12.0911
341 343 0.5176 12.2137
341 344 0.8834 12.2137
342 344 0.5374 13.3789
342 345 0.8973 12.0911
343 345 0.5675 13.5254
345 347 0.6497 9.3932
